Observation Count,Reporting_Location,Control,Test,Date,Cumulative Control,Cumulative Test
1,SAF0001,0,1,1/1/2023,0,1
2,SAF0002,1,1,1/1/2023,1,1
3,SAF0003,0,0,1/1/2023,0,0
4,SAF0004,0,0,1/1/2023,0,0
5,SAF0005,0,0,1/1/2023,0,0
6,SAF0006,1,0,1/1/2023,1,0
7,SAF0007,0,0,1/1/2023,0,0
8,SAF0008,0,1,1/1/2023,0,1
9,SAF0009,0,1,1/1/2023,0,1
10,SAF0010,1,0,1/1/2023,1,0
11,SAF0011,0,0,1/1/2023,0,0
12,SAF0012,0,0,1/1/2023,0,0
13,SAF0013,1,1,1/1/2023,1,1
14,SAF0014,0,1,1/1/2023,0,1
15,SAF0015,1,1,1/1/2023,1,1
16,SAF0016,1,1,1/1/2023,1,1
17,SAF0017,1,0,1/1/2023,1,0
18,SAF0018,0,0,1/1/2023,0,0
19,SAF0019,1,0,1/1/2023,1,0
20,SAF0020,0,1,1/1/2023,0,1
21,SAF0021,0,1,1/1/2023,0,1
22,SAF0022,0,1,1/1/2023,0,1
23,SAF0023,0,0,1/1/2023,0,0
24,SAF0024,0,1,1/1/2023,0,1
25,SAF0025,0,1,1/1/2023,0,1
26,SAF0026,1,0,1/1/2023,1,0
27,SAF0027,0,1,1/1/2023,0,1
28,SAF0028,0,1,1/1/2023,0,1
29,SAF0029,0,1,1/1/2023,0,1
30,SAF0030,0,0,1/1/2023,0,0
31,SAF0031,0,0,1/1/2023,0,0
32,SAF0032,1,0,1/1/2023,1,0
33,SAF0033,0,0,1/1/2023,0,0
34,SAF0034,1,0,1/1/2023,1,0
35,SAF0035,0,0,1/1/2023,0,0
36,SAF0036,0,0,1/1/2023,0,0
37,SAF0037,1,1,1/1/2023,1,1
38,SAF0038,0,1,1/1/2023,0,1
39,SAF0039,0,1,1/1/2023,0,1
40,SAF0040,1,1,1/1/2023,1,1
41,SAF0041,0,0,1/1/2023,0,0
42,SAF0042,1,0,1/1/2023,1,0
43,SAF0043,1,1,1/1/2023,1,1
44,SAF0044,1,0,1/1/2023,1,0
45,SAF0045,0,1,1/1/2023,0,1
46,SAF0046,1,0,1/1/2023,1,0
47,SAF0047,1,0,1/1/2023,1,0
48,SAF0048,0,1,1/1/2023,0,1
49,SAF0049,1,0,1/1/2023,1,0
50,SAF0050,1,0,1/1/2023,1,0
51,SAF0051,0,1,1/1/2023,0,1
52,SAF0052,1,0,1/1/2023,1,0
53,SAF0053,0,0,1/1/2023,0,0
54,SAF0054,0,1,1/1/2023,0,1
55,SAF0055,1,1,1/1/2023,1,1
56,SAF0056,1,1,1/1/2023,1,1
57,SAF0057,0,1,1/1/2023,0,1
58,SAF0058,0,0,1/1/2023,0,0
59,SAF0059,1,1,1/1/2023,1,1
60,SAF0060,1,1,1/1/2023,1,1
61,SAF0061,1,1,1/1/2023,1,1
62,SAF0062,0,0,1/1/2023,0,0
63,SAF0063,0,0,1/1/2023,0,0
64,SAF0064,1,1,1/1/2023,1,1
65,SAF0065,1,1,1/1/2023,1,1
66,SAF0066,1,1,1/1/2023,1,1
67,SAF0067,1,0,1/1/2023,1,0
68,SAF0001,1,1,1/15/2023,1,2
69,SAF0002,1,0,1/15/2023,2,1
70,SAF0003,1,0,1/15/2023,1,0
71,SAF0004,0,1,1/15/2023,0,1
72,SAF0005,0,1,1/15/2023,0,1
73,SAF0006,0,1,1/15/2023,1,1
74,SAF0007,1,1,1/15/2023,1,1
75,SAF0008,0,1,1/15/2023,0,2
76,SAF0009,1,0,1/15/2023,1,1
77,SAF0010,1,0,1/15/2023,2,0
78,SAF0011,0,0,1/15/2023,0,0
79,SAF0012,0,1,1/15/2023,0,1
80,SAF0013,1,0,1/15/2023,2,1
81,SAF0014,0,1,1/15/2023,0,2
82,SAF0015,1,1,1/15/2023,2,2
83,SAF0016,0,1,1/15/2023,1,2
84,SAF0017,0,1,1/15/2023,1,1
85,SAF0018,0,0,1/15/2023,0,0
86,SAF0019,0,1,1/15/2023,1,1
87,SAF0020,1,1,1/15/2023,1,2
88,SAF0021,1,0,1/15/2023,1,1
89,SAF0022,1,0,1/15/2023,1,1
90,SAF0023,1,1,1/15/2023,1,1
91,SAF0024,0,0,1/15/2023,0,1
92,SAF0025,0,0,1/15/2023,0,1
93,SAF0026,1,0,1/15/2023,2,0
94,SAF0027,1,0,1/15/2023,1,1
95,SAF0028,1,1,1/15/2023,1,2
96,SAF0029,1,1,1/15/2023,1,2
97,SAF0030,1,1,1/15/2023,1,1
98,SAF0031,0,0,1/15/2023,0,0
99,SAF0032,1,0,1/15/2023,2,0
100,SAF0033,0,1,1/15/2023,0,1
101,SAF0034,1,0,1/15/2023,2,0
102,SAF0035,1,0,1/15/2023,1,0
103,SAF0036,0,0,1/15/2023,0,0
104,SAF0037,0,0,1/15/2023,1,1
105,SAF0038,0,0,1/15/2023,0,1
106,SAF0039,0,0,1/15/2023,0,1
107,SAF0040,1,1,1/15/2023,2,2
108,SAF0041,0,0,1/15/2023,0,0
109,SAF0042,0,1,1/15/2023,1,1
110,SAF0043,0,0,1/15/2023,1,1
111,SAF0044,1,1,1/15/2023,2,1
112,SAF0045,0,0,1/15/2023,0,1
113,SAF0046,1,1,1/15/2023,2,1
114,SAF0047,0,0,1/15/2023,1,0
115,SAF0048,0,1,1/15/2023,0,2
116,SAF0049,0,0,1/15/2023,1,0
117,SAF0050,0,1,1/15/2023,1,1
118,SAF0051,0,0,1/15/2023,0,1
119,SAF0052,1,0,1/15/2023,2,0
120,SAF0053,1,1,1/15/2023,1,1
121,SAF0054,0,1,1/15/2023,0,2
122,SAF0055,0,0,1/15/2023,1,1
123,SAF0056,1,0,1/15/2023,2,1
124,SAF0057,1,0,1/15/2023,1,1
125,SAF0058,0,0,1/15/2023,0,0
126,SAF0059,0,1,1/15/2023,1,2
127,SAF0060,0,1,1/15/2023,1,2
128,SAF0061,1,1,1/15/2023,2,2
129,SAF0062,1,0,1/15/2023,1,0
130,SAF0063,1,0,1/15/2023,1,0
131,SAF0064,1,0,1/15/2023,2,1
132,SAF0065,1,0,1/15/2023,2,1
133,SAF0066,1,1,1/15/2023,2,2
134,SAF0067,0,0,1/15/2023,1,0
135,SAF0001,1,1,1/29/2023,2,2
136,SAF0002,1,1,1/29/2023,2,1
137,SAF0003,1,1,1/29/2023,2,1
138,SAF0004,0,1,1/29/2023,0,2
139,SAF0005,1,0,1/29/2023,1,1
140,SAF0006,0,0,1/29/2023,0,1
141,SAF0007,0,1,1/29/2023,1,2
142,SAF0008,1,1,1/29/2023,1,2
143,SAF0009,1,1,1/29/2023,2,1
144,SAF0010,0,1,1/29/2023,1,1
145,SAF0011,0,1,1/29/2023,0,1
146,SAF0012,0,1,1/29/2023,0,2
147,SAF0013,1,1,1/29/2023,2,1
148,SAF0014,0,1,1/29/2023,0,2
149,SAF0015,1,1,1/29/2023,2,2
150,SAF0016,0,0,1/29/2023,0,1
151,SAF0017,1,1,1/29/2023,1,2
152,SAF0018,1,1,1/29/2023,1,1
153,SAF0019,1,0,1/29/2023,1,1
154,SAF0020,1,0,1/29/2023,2,1
155,SAF0021,0,1,1/29/2023,1,1
156,SAF0022,1,1,1/29/2023,2,1
157,SAF0023,1,0,1/29/2023,2,1
158,SAF0024,0,0,1/29/2023,0,0
159,SAF0025,0,1,1/29/2023,0,1
160,SAF0026,1,0,1/29/2023,2,0
161,SAF0027,0,1,1/29/2023,1,1
162,SAF0028,0,0,1/29/2023,1,1
163,SAF0029,0,0,1/29/2023,1,1
164,SAF0030,0,1,1/29/2023,1,2
165,SAF0031,1,1,1/29/2023,1,1
166,SAF0032,0,1,1/29/2023,1,1
167,SAF0033,0,0,1/29/2023,0,1
168,SAF0034,1,1,1/29/2023,2,1
169,SAF0035,1,1,1/29/2023,2,1
170,SAF0036,1,0,1/29/2023,1,0
171,SAF0037,1,0,1/29/2023,1,0
172,SAF0038,1,1,1/29/2023,1,1
173,SAF0039,1,0,1/29/2023,1,0
174,SAF0040,1,0,1/29/2023,2,1
175,SAF0041,0,0,1/29/2023,0,0
176,SAF0042,0,1,1/29/2023,0,2
177,SAF0043,1,1,1/29/2023,1,1
178,SAF0044,0,1,1/29/2023,1,2
179,SAF0045,0,1,1/29/2023,0,1
180,SAF0046,0,1,1/29/2023,1,2
181,SAF0047,0,1,1/29/2023,0,1
182,SAF0048,0,1,1/29/2023,0,2
183,SAF0049,0,1,1/29/2023,0,1
184,SAF0050,1,1,1/29/2023,1,2
185,SAF0051,1,0,1/29/2023,1,0
186,SAF0052,0,0,1/29/2023,1,0
187,SAF0053,0,0,1/29/2023,1,1
188,SAF0054,1,0,1/29/2023,1,1
189,SAF0055,1,0,1/29/2023,1,0
190,SAF0056,0,0,1/29/2023,1,0
191,SAF0057,1,0,1/29/2023,2,0
192,SAF0058,0,1,1/29/2023,0,1
193,SAF0059,0,0,1/29/2023,0,1
194,SAF0060,0,1,1/29/2023,0,2
195,SAF0061,0,0,1/29/2023,1,1
196,SAF0062,1,1,1/29/2023,2,1
197,SAF0063,1,1,1/29/2023,2,1
198,SAF0064,1,1,1/29/2023,2,1
199,SAF0065,0,0,1/29/2023,1,0
200,SAF0066,1,0,1/29/2023,2,1
201,SAF0067,0,1,1/29/2023,0,1
202,SAF0001,0,1,2/12/2023,1,2
203,SAF0002,0,0,2/12/2023,1,1
204,SAF0003,1,0,2/12/2023,2,1
205,SAF0004,0,0,2/12/2023,0,1
206,SAF0005,1,1,2/12/2023,2,1
207,SAF0006,0,0,2/12/2023,0,0
208,SAF0007,0,0,2/12/2023,0,1
209,SAF0008,0,0,2/12/2023,1,1
210,SAF0009,0,0,2/12/2023,1,1
211,SAF0010,1,0,2/12/2023,1,1
212,SAF0011,1,0,2/12/2023,1,1
213,SAF0012,0,1,2/12/2023,0,2
214,SAF0013,0,1,2/12/2023,1,2
215,SAF0014,0,1,2/12/2023,0,2
216,SAF0015,1,0,2/12/2023,2,1
217,SAF0016,1,0,2/12/2023,1,0
218,SAF0017,1,1,2/12/2023,2,2
219,SAF0018,1,0,2/12/2023,2,1
220,SAF0019,0,0,2/12/2023,1,0
221,SAF0020,0,1,2/12/2023,1,1
222,SAF0021,0,1,2/12/2023,0,2
223,SAF0022,1,1,2/12/2023,2,2
224,SAF0023,0,0,2/12/2023,1,0
225,SAF0024,0,0,2/12/2023,0,0
226,SAF0025,0,1,2/12/2023,0,2
227,SAF0026,0,0,2/12/2023,1,0
228,SAF0027,0,1,2/12/2023,0,2
229,SAF0028,0,0,2/12/2023,0,0
230,SAF0029,1,0,2/12/2023,1,0
231,SAF0030,1,1,2/12/2023,1,2
232,SAF0031,0,0,2/12/2023,1,1
233,SAF0032,1,0,2/12/2023,1,1
234,SAF0033,0,1,2/12/2023,0,1
235,SAF0034,0,0,2/12/2023,1,1
236,SAF0035,1,0,2/12/2023,2,1
237,SAF0036,1,1,2/12/2023,2,1
238,SAF0037,1,0,2/12/2023,2,0
239,SAF0038,1,1,2/12/2023,2,2
240,SAF0039,0,0,2/12/2023,1,0
241,SAF0040,0,1,2/12/2023,1,1
242,SAF0041,0,1,2/12/2023,0,1
243,SAF0042,0,1,2/12/2023,0,2
244,SAF0043,1,1,2/12/2023,2,2
245,SAF0044,1,0,2/12/2023,1,1
246,SAF0045,0,0,2/12/2023,0,1
247,SAF0046,1,1,2/12/2023,1,2
248,SAF0047,1,1,2/12/2023,1,2
249,SAF0048,1,1,2/12/2023,1,2
250,SAF0049,1,1,2/12/2023,1,2
251,SAF0050,1,1,2/12/2023,2,2
252,SAF0051,0,0,2/12/2023,1,0
253,SAF0052,0,1,2/12/2023,0,1
254,SAF0053,0,0,2/12/2023,0,0
255,SAF0054,1,0,2/12/2023,2,0
256,SAF0055,0,0,2/12/2023,1,0
257,SAF0056,1,0,2/12/2023,1,0
258,SAF0057,0,1,2/12/2023,1,1
259,SAF0058,1,0,2/12/2023,1,1
260,SAF0059,1,1,2/12/2023,1,1
261,SAF0060,1,0,2/12/2023,1,1
262,SAF0061,1,1,2/12/2023,1,1
263,SAF0062,0,1,2/12/2023,1,2
264,SAF0063,0,1,2/12/2023,1,2
265,SAF0064,0,0,2/12/2023,1,1
266,SAF0065,0,0,2/12/2023,0,0
267,SAF0066,0,0,2/12/2023,1,0
268,SAF0067,0,0,2/12/2023,0,1
269,SAF0001,1,0,2/26/2023,1,1
270,SAF0002,1,0,2/26/2023,1,0
271,SAF0003,1,1,2/26/2023,2,1
272,SAF0004,1,1,2/26/2023,1,1
273,SAF0005,0,0,2/26/2023,1,1
274,SAF0006,0,1,2/26/2023,0,1
275,SAF0007,1,1,2/26/2023,1,1
276,SAF0008,0,0,2/26/2023,0,0
277,SAF0009,1,1,2/26/2023,1,1
278,SAF0010,1,1,2/26/2023,2,1
279,SAF0011,0,0,2/26/2023,1,0
280,SAF0012,0,1,2/26/2023,0,2
281,SAF0013,0,0,2/26/2023,0,1
282,SAF0014,1,0,2/26/2023,1,1
283,SAF0015,1,0,2/26/2023,2,0
284,SAF0016,0,1,2/26/2023,1,1
285,SAF0017,1,0,2/26/2023,2,1
286,SAF0018,1,1,2/26/2023,2,1
287,SAF0019,0,0,2/26/2023,0,0
288,SAF0020,1,1,2/26/2023,1,2
289,SAF0021,0,1,2/26/2023,0,2
290,SAF0022,1,1,2/26/2023,2,2
291,SAF0023,1,1,2/26/2023,1,1
292,SAF0024,0,0,2/26/2023,0,0
293,SAF0025,1,1,2/26/2023,1,2
294,SAF0026,1,1,2/26/2023,1,1
295,SAF0027,0,0,2/26/2023,0,1
296,SAF0028,0,0,2/26/2023,0,0
297,SAF0029,1,0,2/26/2023,2,0
298,SAF0030,1,0,2/26/2023,2,1
299,SAF0031,0,1,2/26/2023,0,1
300,SAF0032,1,1,2/26/2023,2,1
301,SAF0033,1,0,2/26/2023,1,1
302,SAF0034,1,1,2/26/2023,1,1
303,SAF0035,1,1,2/26/2023,2,1
304,SAF0036,1,0,2/26/2023,2,1
305,SAF0037,1,1,2/26/2023,2,1
306,SAF0038,1,0,2/26/2023,2,1
307,SAF0039,1,0,2/26/2023,1,0
308,SAF0040,1,0,2/26/2023,1,1
309,SAF0041,1,0,2/26/2023,1,1
310,SAF0042,0,1,2/26/2023,0,2
311,SAF0043,1,0,2/26/2023,2,1
312,SAF0044,0,1,2/26/2023,1,1
313,SAF0045,1,0,2/26/2023,1,0
314,SAF0046,0,0,2/26/2023,1,1
315,SAF0047,0,1,2/26/2023,1,2
316,SAF0048,1,0,2/26/2023,2,1
317,SAF0049,0,1,2/26/2023,1,2
318,SAF0050,0,0,2/26/2023,1,1
319,SAF0051,0,1,2/26/2023,0,1
320,SAF0052,1,1,2/26/2023,1,2
321,SAF0053,0,0,2/26/2023,0,0
322,SAF0054,1,0,2/26/2023,2,0
323,SAF0055,0,0,2/26/2023,0,0
324,SAF0056,1,0,2/26/2023,2,0
325,SAF0057,0,0,2/26/2023,0,1
326,SAF0058,1,0,2/26/2023,2,0
327,SAF0059,0,1,2/26/2023,1,2
328,SAF0060,0,0,2/26/2023,1,0
329,SAF0061,0,1,2/26/2023,1,2
330,SAF0062,1,0,2/26/2023,1,1
331,SAF0063,1,1,2/26/2023,1,2
332,SAF0064,0,0,2/26/2023,0,0
333,SAF0065,1,1,2/26/2023,1,1
334,SAF0066,0,0,2/26/2023,0,0
335,SAF0067,0,0,2/26/2023,0,0
336,SAF0001,0,0,3/12/2023,1,0
337,SAF0002,1,0,3/12/2023,2,0
338,SAF0003,0,1,3/12/2023,1,2
339,SAF0004,1,1,3/12/2023,2,2
340,SAF0005,0,1,3/12/2023,0,1
341,SAF0006,1,1,3/12/2023,1,2
342,SAF0007,1,0,3/12/2023,2,1
343,SAF0008,1,1,3/12/2023,1,1
344,SAF0009,0,1,3/12/2023,1,2
345,SAF0010,1,0,3/12/2023,2,1
346,SAF0011,0,1,3/12/2023,0,1
347,SAF0012,0,0,3/12/2023,0,1
348,SAF0013,0,1,3/12/2023,0,1
349,SAF0014,1,1,3/12/2023,2,1
350,SAF0015,0,0,3/12/2023,1,0
351,SAF0016,0,0,3/12/2023,0,1
352,SAF0017,1,1,3/12/2023,2,1
353,SAF0018,0,1,3/12/2023,1,2
354,SAF0019,0,1,3/12/2023,0,1
355,SAF0020,0,1,3/12/2023,1,2
356,SAF0021,1,1,3/12/2023,1,2
357,SAF0022,1,0,3/12/2023,2,1
358,SAF0023,0,1,3/12/2023,1,2
359,SAF0024,0,1,3/12/2023,0,1
360,SAF0025,1,1,3/12/2023,2,2
361,SAF0026,1,1,3/12/2023,2,2
362,SAF0027,1,1,3/12/2023,1,1
363,SAF0028,1,1,3/12/2023,1,1
364,SAF0029,0,0,3/12/2023,1,0
365,SAF0030,0,0,3/12/2023,1,0
366,SAF0031,0,0,3/12/2023,0,1
367,SAF0032,1,1,3/12/2023,2,2
368,SAF0033,1,1,3/12/2023,2,1
369,SAF0034,1,0,3/12/2023,2,1
370,SAF0035,0,0,3/12/2023,1,1
371,SAF0036,0,0,3/12/2023,1,0
372,SAF0037,0,1,3/12/2023,1,2
373,SAF0038,1,1,3/12/2023,2,1
374,SAF0039,0,0,3/12/2023,1,0
375,SAF0040,0,0,3/12/2023,1,0
376,SAF0041,0,1,3/12/2023,1,1
377,SAF0042,0,1,3/12/2023,0,2
378,SAF0043,0,1,3/12/2023,1,1
379,SAF0044,0,0,3/12/2023,0,1
380,SAF0045,0,0,3/12/2023,1,0
381,SAF0046,1,1,3/12/2023,1,1
382,SAF0047,0,0,3/12/2023,0,1
383,SAF0048,0,1,3/12/2023,1,1
384,SAF0049,1,0,3/12/2023,1,1
385,SAF0050,0,1,3/12/2023,0,1
386,SAF0051,1,1,3/12/2023,1,2
387,SAF0052,0,1,3/12/2023,1,2
388,SAF0053,0,1,3/12/2023,0,1
389,SAF0054,1,0,3/12/2023,2,0
390,SAF0055,0,0,3/12/2023,0,0
391,SAF0056,1,1,3/12/2023,2,1
392,SAF0057,0,1,3/12/2023,0,1
393,SAF0058,1,0,3/12/2023,2,0
394,SAF0059,1,1,3/12/2023,1,2
395,SAF0060,0,0,3/12/2023,0,0
396,SAF0061,1,1,3/12/2023,1,2
397,SAF0062,0,0,3/12/2023,1,0
398,SAF0063,1,1,3/12/2023,2,2
399,SAF0064,0,1,3/12/2023,0,1
400,SAF0065,0,1,3/12/2023,1,2
401,SAF0066,0,1,3/12/2023,0,1
402,SAF0067,1,0,3/12/2023,1,0
403,SAF0001,1,0,3/26/2023,1,0
404,SAF0002,0,1,3/26/2023,1,1
405,SAF0003,0,0,3/26/2023,0,1
406,SAF0004,0,0,3/26/2023,1,1
407,SAF0005,1,0,3/26/2023,1,1
408,SAF0006,0,1,3/26/2023,1,2
409,SAF0007,1,0,3/26/2023,2,0
410,SAF0008,1,0,3/26/2023,2,1
411,SAF0009,1,1,3/26/2023,1,2
412,SAF0010,0,1,3/26/2023,1,1
413,SAF0011,1,0,3/26/2023,1,1
414,SAF0012,0,1,3/26/2023,0,1
415,SAF0013,1,1,3/26/2023,1,2
416,SAF0014,0,1,3/26/2023,1,2
417,SAF0015,0,1,3/26/2023,0,1
418,SAF0016,1,0,3/26/2023,1,0
419,SAF0017,1,1,3/26/2023,2,2
420,SAF0018,1,1,3/26/2023,1,2
421,SAF0019,1,0,3/26/2023,1,1
422,SAF0020,0,0,3/26/2023,0,1
423,SAF0021,1,1,3/26/2023,2,2
424,SAF0022,1,1,3/26/2023,2,1
425,SAF0023,0,0,3/26/2023,0,1
426,SAF0024,1,0,3/26/2023,1,1
427,SAF0025,0,1,3/26/2023,1,2
428,SAF0026,0,1,3/26/2023,1,2
429,SAF0027,0,1,3/26/2023,1,2
430,SAF0028,0,0,3/26/2023,1,1
431,SAF0029,0,0,3/26/2023,0,0
432,SAF0030,1,0,3/26/2023,1,0
433,SAF0031,0,0,3/26/2023,0,0
434,SAF0032,0,1,3/26/2023,1,2
435,SAF0033,1,0,3/26/2023,2,1
436,SAF0034,1,1,3/26/2023,2,1
437,SAF0035,0,0,3/26/2023,0,0
438,SAF0036,1,1,3/26/2023,1,1
439,SAF0037,1,1,3/26/2023,1,2
440,SAF0038,0,1,3/26/2023,1,2
441,SAF0039,0,0,3/26/2023,0,0
442,SAF0040,1,0,3/26/2023,1,0
443,SAF0041,0,1,3/26/2023,0,2
444,SAF0042,0,1,3/26/2023,0,2
445,SAF0043,0,1,3/26/2023,0,2
446,SAF0044,1,1,3/26/2023,1,1
447,SAF0045,1,0,3/26/2023,1,0
448,SAF0046,0,0,3/26/2023,1,1
449,SAF0047,0,0,3/26/2023,0,0
450,SAF0048,0,0,3/26/2023,0,1
451,SAF0049,1,1,3/26/2023,2,1
452,SAF0050,0,1,3/26/2023,0,2
453,SAF0051,1,1,3/26/2023,2,2
454,SAF0052,1,1,3/26/2023,1,2
455,SAF0053,0,1,3/26/2023,0,2
456,SAF0054,1,0,3/26/2023,2,0
457,SAF0055,1,1,3/26/2023,1,1
458,SAF0056,0,0,3/26/2023,1,1
459,SAF0057,0,0,3/26/2023,0,1
460,SAF0058,1,0,3/26/2023,2,0
461,SAF0059,1,1,3/26/2023,2,2
462,SAF0060,1,0,3/26/2023,1,0
463,SAF0061,0,1,3/26/2023,1,2
464,SAF0062,1,0,3/26/2023,1,0
465,SAF0063,1,0,3/26/2023,2,1
466,SAF0064,0,0,3/26/2023,0,1
467,SAF0065,0,1,3/26/2023,0,2
468,SAF0066,1,0,3/26/2023,1,1
469,SAF0067,1,0,3/26/2023,2,0
470,SAF0001,1,1,4/9/2023,2,1
471,SAF0002,1,0,4/9/2023,1,1
472,SAF0003,0,1,4/9/2023,0,1
473,SAF0004,0,1,4/9/2023,0,1
474,SAF0005,1,0,4/9/2023,2,0
475,SAF0006,1,0,4/9/2023,1,1
476,SAF0007,1,0,4/9/2023,2,0
477,SAF0008,1,1,4/9/2023,2,1
478,SAF0009,0,1,4/9/2023,1,2
479,SAF0010,0,1,4/9/2023,0,2
480,SAF0011,1,1,4/9/2023,2,1
481,SAF0012,0,0,4/9/2023,0,1
482,SAF0013,1,0,4/9/2023,2,1
483,SAF0014,0,1,4/9/2023,0,2
484,SAF0015,0,0,4/9/2023,0,1
485,SAF0016,1,0,4/9/2023,2,0
486,SAF0017,1,0,4/9/2023,2,1
487,SAF0018,1,1,4/9/2023,2,2
488,SAF0019,0,0,4/9/2023,1,0
489,SAF0020,0,1,4/9/2023,0,1
490,SAF0021,1,1,4/9/2023,2,2
491,SAF0022,0,1,4/9/2023,1,2
492,SAF0023,0,1,4/9/2023,0,1
493,SAF0024,1,0,4/9/2023,2,0
494,SAF0025,1,0,4/9/2023,1,1
495,SAF0026,1,0,4/9/2023,1,1
496,SAF0027,0,0,4/9/2023,0,1
497,SAF0028,0,1,4/9/2023,0,1
498,SAF0029,1,0,4/9/2023,1,0
499,SAF0030,1,0,4/9/2023,2,0
500,SAF0031,0,0,4/9/2023,0,0
501,SAF0032,1,1,4/9/2023,1,2
502,SAF0033,0,0,4/9/2023,1,0
503,SAF0034,0,0,4/9/2023,1,1
504,SAF0035,0,1,4/9/2023,0,1
505,SAF0036,1,0,4/9/2023,2,1
506,SAF0037,0,0,4/9/2023,1,1
507,SAF0038,0,0,4/9/2023,0,1
508,SAF0039,1,1,4/9/2023,1,1
509,SAF0040,0,1,4/9/2023,1,1
510,SAF0041,0,1,4/9/2023,0,2
511,SAF0042,0,1,4/9/2023,0,2
512,SAF0043,0,0,4/9/2023,0,1
513,SAF0044,0,0,4/9/2023,1,1
514,SAF0045,1,0,4/9/2023,2,0
515,SAF0046,0,1,4/9/2023,0,1
516,SAF0047,0,1,4/9/2023,0,1
517,SAF0048,1,0,4/9/2023,1,0
518,SAF0049,1,1,4/9/2023,2,2
519,SAF0050,1,0,4/9/2023,1,1
520,SAF0051,0,0,4/9/2023,1,1
521,SAF0052,1,1,4/9/2023,2,2
522,SAF0053,1,1,4/9/2023,1,2
523,SAF0054,0,0,4/9/2023,1,0
524,SAF0055,0,0,4/9/2023,1,1
525,SAF0056,1,1,4/9/2023,1,1
526,SAF0057,0,1,4/9/2023,0,1
527,SAF0058,0,0,4/9/2023,1,0
528,SAF0059,1,0,4/9/2023,2,1
529,SAF0060,1,1,4/9/2023,2,1
530,SAF0061,1,0,4/9/2023,1,1
531,SAF0062,0,1,4/9/2023,1,1
532,SAF0063,0,1,4/9/2023,1,1
533,SAF0064,1,0,4/9/2023,1,0
534,SAF0065,1,1,4/9/2023,1,2
535,SAF0066,1,0,4/9/2023,2,0
536,SAF0067,1,1,4/9/2023,2,1
537,SAF0001,1,1,4/23/2023,2,2
538,SAF0002,0,1,4/23/2023,1,1
539,SAF0003,0,0,4/23/2023,0,1
540,SAF0004,1,0,4/23/2023,1,1
541,SAF0005,0,1,4/23/2023,1,1
542,SAF0006,0,1,4/23/2023,1,1
543,SAF0007,1,1,4/23/2023,2,1
544,SAF0008,0,0,4/23/2023,1,1
545,SAF0009,1,1,4/23/2023,1,2
546,SAF0010,1,1,4/23/2023,1,2
547,SAF0011,1,1,4/23/2023,2,2
548,SAF0012,1,0,4/23/2023,1,0
549,SAF0013,1,1,4/23/2023,2,1
550,SAF0014,1,1,4/23/2023,1,2
551,SAF0015,1,0,4/23/2023,1,0
552,SAF0016,1,0,4/23/2023,2,0
553,SAF0017,1,1,4/23/2023,2,1
554,SAF0018,1,0,4/23/2023,2,1
555,SAF0019,0,0,4/23/2023,0,0
556,SAF0020,1,0,4/23/2023,1,1
557,SAF0021,1,1,4/23/2023,2,2
558,SAF0022,0,0,4/23/2023,0,1
559,SAF0023,0,1,4/23/2023,0,2
560,SAF0024,1,1,4/23/2023,2,1
561,SAF0025,1,1,4/23/2023,2,1
562,SAF0026,1,0,4/23/2023,2,0
563,SAF0027,0,0,4/23/2023,0,0
564,SAF0028,0,0,4/23/2023,0,1
565,SAF0029,1,0,4/23/2023,2,0
566,SAF0030,0,1,4/23/2023,1,1
567,SAF0031,1,0,4/23/2023,1,0
568,SAF0032,1,1,4/23/2023,2,2
569,SAF0033,0,1,4/23/2023,0,1
570,SAF0034,0,0,4/23/2023,0,0
571,SAF0035,1,0,4/23/2023,1,1
572,SAF0036,1,1,4/23/2023,2,1
573,SAF0037,0,1,4/23/2023,0,1
574,SAF0038,0,0,4/23/2023,0,0
575,SAF0039,1,1,4/23/2023,2,2
576,SAF0040,1,0,4/23/2023,1,1
577,SAF0041,1,1,4/23/2023,1,2
578,SAF0042,1,1,4/23/2023,1,2
579,SAF0043,0,0,4/23/2023,0,0
580,SAF0044,1,0,4/23/2023,1,0
581,SAF0045,1,1,4/23/2023,2,1
582,SAF0046,0,1,4/23/2023,0,2
583,SAF0047,0,0,4/23/2023,0,1
584,SAF0048,1,1,4/23/2023,2,1
585,SAF0049,1,1,4/23/2023,2,2
586,SAF0050,1,1,4/23/2023,2,1
587,SAF0051,1,0,4/23/2023,1,0
588,SAF0052,1,0,4/23/2023,2,1
589,SAF0053,0,0,4/23/2023,1,1
590,SAF0054,1,1,4/23/2023,1,1
591,SAF0055,1,1,4/23/2023,1,1
592,SAF0056,1,1,4/23/2023,2,2
593,SAF0057,1,1,4/23/2023,1,2
594,SAF0058,0,1,4/23/2023,0,1
595,SAF0059,1,0,4/23/2023,2,0
596,SAF0060,0,1,4/23/2023,1,2
597,SAF0061,0,1,4/23/2023,1,1
598,SAF0062,0,1,4/23/2023,0,2
599,SAF0063,1,1,4/23/2023,1,2
600,SAF0064,0,0,4/23/2023,1,0
601,SAF0065,0,1,4/23/2023,1,2
602,SAF0066,0,0,4/23/2023,1,0
603,SAF0067,1,1,4/23/2023,2,2
604,SAF0001,1,1,5/7/2023,2,2
605,SAF0002,0,0,5/7/2023,0,1
606,SAF0003,1,1,5/7/2023,1,1
607,SAF0004,0,1,5/7/2023,1,1
608,SAF0005,0,1,5/7/2023,0,2
609,SAF0006,1,1,5/7/2023,1,2
610,SAF0007,0,0,5/7/2023,1,1
611,SAF0008,1,0,5/7/2023,1,0
612,SAF0009,1,1,5/7/2023,2,2
613,SAF0010,1,1,5/7/2023,2,2
614,SAF0011,1,1,5/7/2023,2,2
615,SAF0012,1,1,5/7/2023,2,1
616,SAF0013,1,1,5/7/2023,2,2
617,SAF0014,1,0,5/7/2023,2,1
618,SAF0015,1,1,5/7/2023,2,1
619,SAF0016,0,1,5/7/2023,1,1
620,SAF0017,0,0,5/7/2023,1,1
621,SAF0018,0,1,5/7/2023,1,1
622,SAF0019,1,0,5/7/2023,1,0
623,SAF0020,0,1,5/7/2023,1,1
624,SAF0021,1,1,5/7/2023,2,2
625,SAF0022,0,1,5/7/2023,0,1
626,SAF0023,1,1,5/7/2023,1,2
627,SAF0024,0,0,5/7/2023,1,1
628,SAF0025,1,1,5/7/2023,2,2
629,SAF0026,0,1,5/7/2023,1,1
630,SAF0027,1,1,5/7/2023,1,1
631,SAF0028,0,1,5/7/2023,0,1
632,SAF0029,1,1,5/7/2023,2,1
633,SAF0030,1,1,5/7/2023,1,2
634,SAF0031,0,1,5/7/2023,1,1
635,SAF0032,1,1,5/7/2023,2,2
636,SAF0033,1,1,5/7/2023,1,2
637,SAF0034,0,0,5/7/2023,0,0
638,SAF0035,1,1,5/7/2023,2,1
639,SAF0036,0,1,5/7/2023,1,2
640,SAF0037,0,1,5/7/2023,0,2
641,SAF0038,0,1,5/7/2023,0,1
642,SAF0039,0,1,5/7/2023,1,2
643,SAF0040,1,1,5/7/2023,2,1
644,SAF0041,1,1,5/7/2023,2,2
645,SAF0042,1,0,5/7/2023,2,1
646,SAF0043,0,1,5/7/2023,0,1
647,SAF0044,1,1,5/7/2023,2,1
648,SAF0045,0,1,5/7/2023,1,2
649,SAF0046,1,1,5/7/2023,1,2
650,SAF0047,0,1,5/7/2023,0,1
651,SAF0048,0,1,5/7/2023,1,2
652,SAF0049,1,1,5/7/2023,2,2
653,SAF0050,0,1,5/7/2023,1,2
654,SAF0051,1,1,5/7/2023,2,1
655,SAF0052,0,1,5/7/2023,1,1
656,SAF0053,1,0,5/7/2023,1,0
657,SAF0054,1,1,5/7/2023,2,2
658,SAF0055,0,1,5/7/2023,1,2
659,SAF0056,1,1,5/7/2023,2,2
660,SAF0057,0,1,5/7/2023,1,2
661,SAF0058,0,1,5/7/2023,0,2
662,SAF0059,0,1,5/7/2023,1,1
663,SAF0060,0,0,5/7/2023,0,1
664,SAF0061,1,1,5/7/2023,1,2
665,SAF0062,0,1,5/7/2023,0,2
666,SAF0063,0,1,5/7/2023,1,2
667,SAF0064,1,1,5/7/2023,1,1
668,SAF0065,1,1,5/7/2023,1,2
669,SAF0066,1,1,5/7/2023,1,1
670,SAF0067,1,0,5/7/2023,2,1
671,SAF0001,1,1,5/21/2023,2,2
672,SAF0002,0,1,5/21/2023,0,1
673,SAF0003,1,1,5/21/2023,2,2
674,SAF0004,1,1,5/21/2023,1,2
675,SAF0005,0,1,5/21/2023,0,2
676,SAF0006,0,1,5/21/2023,1,2
677,SAF0007,1,1,5/21/2023,1,1
678,SAF0008,1,0,5/21/2023,2,0
679,SAF0009,1,1,5/21/2023,2,2
680,SAF0010,1,1,5/21/2023,2,2
681,SAF0011,1,1,5/21/2023,2,2
682,SAF0012,1,1,5/21/2023,2,2
683,SAF0013,0,1,5/21/2023,1,2
684,SAF0014,0,1,5/21/2023,1,1
685,SAF0015,1,1,5/21/2023,2,2
686,SAF0016,1,1,5/21/2023,1,2
687,SAF0017,0,1,5/21/2023,0,1
688,SAF0018,0,0,5/21/2023,0,1
689,SAF0019,0,0,5/21/2023,1,0
690,SAF0020,1,1,5/21/2023,1,2
691,SAF0021,0,1,5/21/2023,1,2
692,SAF0022,1,1,5/21/2023,1,2
693,SAF0023,1,1,5/21/2023,2,2
694,SAF0024,0,1,5/21/2023,0,1
695,SAF0025,0,0,5/21/2023,1,1
696,SAF0026,1,1,5/21/2023,1,2
697,SAF0027,1,1,5/21/2023,2,2
698,SAF0028,1,1,5/21/2023,1,2
699,SAF0029,0,0,5/21/2023,1,1
700,SAF0030,0,1,5/21/2023,1,2
701,SAF0031,0,1,5/21/2023,0,2
702,SAF0032,1,1,5/21/2023,2,2
703,SAF0033,0,0,5/21/2023,1,1
704,SAF0034,1,1,5/21/2023,1,1
705,SAF0035,0,1,5/21/2023,1,2
706,SAF0036,0,1,5/21/2023,0,2
707,SAF0037,0,0,5/21/2023,0,1
708,SAF0038,1,1,5/21/2023,1,2
709,SAF0039,1,0,5/21/2023,1,1
710,SAF0040,0,0,5/21/2023,1,1
711,SAF0041,1,1,5/21/2023,2,2
712,SAF0042,1,1,5/21/2023,2,1
713,SAF0043,0,0,5/21/2023,0,1
714,SAF0044,1,1,5/21/2023,2,2
715,SAF0045,1,0,5/21/2023,1,1
716,SAF0046,1,0,5/21/2023,2,1
717,SAF0047,1,0,5/21/2023,1,1
718,SAF0048,0,1,5/21/2023,0,2
719,SAF0049,1,1,5/21/2023,2,2
720,SAF0050,1,1,5/21/2023,1,2
721,SAF0051,0,1,5/21/2023,1,2
722,SAF0052,1,0,5/21/2023,1,1
723,SAF0053,0,1,5/21/2023,1,1
724,SAF0054,1,0,5/21/2023,2,1
725,SAF0055,1,1,5/21/2023,1,2
726,SAF0056,1,1,5/21/2023,2,2
727,SAF0057,0,1,5/21/2023,0,2
728,SAF0058,0,0,5/21/2023,0,1
729,SAF0059,0,1,5/21/2023,0,2
730,SAF0060,0,1,5/21/2023,0,1
731,SAF0061,1,1,5/21/2023,2,2
732,SAF0062,0,1,5/21/2023,0,2
733,SAF0063,1,0,5/21/2023,1,1
734,SAF0064,0,0,5/21/2023,1,1
735,SAF0065,0,1,5/21/2023,1,2
736,SAF0066,0,1,5/21/2023,1,2
737,SAF0067,1,0,5/21/2023,2,0
738,SAF0001,1,1,6/4/2023,2,2
739,SAF0002,0,0,6/4/2023,0,1
740,SAF0003,0,1,6/4/2023,1,2
741,SAF0004,0,1,6/4/2023,1,2
742,SAF0005,1,0,6/4/2023,1,1
743,SAF0006,0,0,6/4/2023,0,1
744,SAF0007,0,1,6/4/2023,1,2
745,SAF0008,1,0,6/4/2023,2,0
746,SAF0009,0,1,6/4/2023,1,2
747,SAF0010,0,1,6/4/2023,1,2
748,SAF0011,1,0,6/4/2023,2,1
749,SAF0012,1,0,6/4/2023,2,1
750,SAF0013,1,1,6/4/2023,1,2
751,SAF0014,1,1,6/4/2023,1,2
752,SAF0015,0,1,6/4/2023,1,2
753,SAF0016,1,1,6/4/2023,2,2
754,SAF0017,0,0,6/4/2023,0,1
755,SAF0018,1,1,6/4/2023,1,1
756,SAF0019,1,1,6/4/2023,1,1
757,SAF0020,0,1,6/4/2023,1,2
758,SAF0021,0,1,6/4/2023,0,2
759,SAF0022,1,1,6/4/2023,2,2
760,SAF0023,1,1,6/4/2023,2,2
761,SAF0024,1,0,6/4/2023,1,1
762,SAF0025,1,1,6/4/2023,1,1
763,SAF0026,1,1,6/4/2023,2,2
764,SAF0027,0,1,6/4/2023,1,2
765,SAF0028,1,0,6/4/2023,2,1
766,SAF0029,0,1,6/4/2023,0,1
767,SAF0030,0,1,6/4/2023,0,2
768,SAF0031,0,1,6/4/2023,0,2
769,SAF0032,1,1,6/4/2023,2,2
770,SAF0033,0,1,6/4/2023,0,1
771,SAF0034,0,1,6/4/2023,1,2
772,SAF0035,1,1,6/4/2023,1,2
773,SAF0036,1,0,6/4/2023,1,1
774,SAF0037,0,0,6/4/2023,0,0
775,SAF0038,1,1,6/4/2023,2,2
776,SAF0039,1,1,6/4/2023,2,1
777,SAF0040,0,1,6/4/2023,0,1
778,SAF0041,1,1,6/4/2023,2,2
779,SAF0042,0,1,6/4/2023,1,2
780,SAF0043,1,1,6/4/2023,1,1
781,SAF0044,0,0,6/4/2023,1,1
782,SAF0045,0,1,6/4/2023,1,1
783,SAF0046,1,1,6/4/2023,2,1
784,SAF0047,1,0,6/4/2023,2,0
785,SAF0048,1,1,6/4/2023,1,2
786,SAF0049,1,1,6/4/2023,2,2
787,SAF0050,1,1,6/4/2023,2,2
788,SAF0051,1,1,6/4/2023,1,2
789,SAF0052,0,1,6/4/2023,1,1
790,SAF0053,1,1,6/4/2023,1,2
791,SAF0054,0,1,6/4/2023,1,1
792,SAF0055,0,1,6/4/2023,1,2
793,SAF0056,0,0,6/4/2023,1,1
794,SAF0057,0,1,6/4/2023,0,2
795,SAF0058,1,1,6/4/2023,1,1
796,SAF0059,1,1,6/4/2023,1,2
797,SAF0060,0,1,6/4/2023,0,2
798,SAF0061,0,1,6/4/2023,1,2
799,SAF0062,1,1,6/4/2023,1,2
800,SAF0063,0,1,6/4/2023,1,1
801,SAF0064,1,1,6/4/2023,1,1
802,SAF0065,1,1,6/4/2023,1,2
803,SAF0066,1,1,6/4/2023,1,2
804,SAF0067,0,1,6/4/2023,1,1
805,SAF0001,0,0,6/18/2023,1,1
806,SAF0002,0,1,6/18/2023,0,1
807,SAF0003,1,1,6/18/2023,1,2
808,SAF0004,1,1,6/18/2023,1,2
809,SAF0005,1,1,6/18/2023,2,1
810,SAF0006,0,1,6/18/2023,0,1
811,SAF0007,0,0,6/18/2023,0,1
812,SAF0008,0,1,6/18/2023,1,1
813,SAF0009,0,1,6/18/2023,0,2
814,SAF0010,1,0,6/18/2023,1,1
815,SAF0011,0,1,6/18/2023,1,1
816,SAF0012,1,0,6/18/2023,2,0
817,SAF0013,0,1,6/18/2023,1,2
818,SAF0014,0,1,6/18/2023,1,2
819,SAF0015,1,1,6/18/2023,1,2
820,SAF0016,1,1,6/18/2023,2,2
821,SAF0017,1,1,6/18/2023,1,1
822,SAF0018,0,1,6/18/2023,1,2
823,SAF0019,1,1,6/18/2023,2,2
824,SAF0020,1,1,6/18/2023,1,2
825,SAF0021,1,1,6/18/2023,1,2
826,SAF0022,1,0,6/18/2023,2,1
827,SAF0023,1,1,6/18/2023,2,2
828,SAF0024,0,0,6/18/2023,1,0
829,SAF0025,1,1,6/18/2023,2,2
830,SAF0026,0,1,6/18/2023,1,2
831,SAF0027,1,0,6/18/2023,1,1
832,SAF0028,1,1,6/18/2023,2,1
833,SAF0029,1,1,6/18/2023,1,2
834,SAF0030,0,1,6/18/2023,0,2
835,SAF0031,1,1,6/18/2023,1,2
836,SAF0032,0,1,6/18/2023,1,2
837,SAF0033,1,1,6/18/2023,1,2
838,SAF0034,1,1,6/18/2023,1,2
839,SAF0035,0,0,6/18/2023,1,1
840,SAF0036,1,1,6/18/2023,2,1
841,SAF0037,1,0,6/18/2023,1,0
842,SAF0038,1,1,6/18/2023,2,2
843,SAF0039,1,1,6/18/2023,2,2
844,SAF0040,1,1,6/18/2023,1,2
845,SAF0041,1,0,6/18/2023,2,1
846,SAF0042,1,1,6/18/2023,1,2
847,SAF0043,1,0,6/18/2023,2,1
848,SAF0044,1,1,6/18/2023,1,1
849,SAF0045,0,1,6/18/2023,0,2
850,SAF0046,0,1,6/18/2023,1,2
851,SAF0047,1,1,6/18/2023,2,1
852,SAF0048,0,1,6/18/2023,1,2
853,SAF0049,0,1,6/18/2023,1,2
854,SAF0050,1,1,6/18/2023,2,2
855,SAF0051,1,1,6/18/2023,2,2
856,SAF0052,1,1,6/18/2023,1,2
857,SAF0053,0,0,6/18/2023,1,1
858,SAF0054,1,1,6/18/2023,1,2
859,SAF0055,1,1,6/18/2023,1,2
860,SAF0056,1,1,6/18/2023,1,1
861,SAF0057,0,0,6/18/2023,0,1
862,SAF0058,0,1,6/18/2023,1,2
863,SAF0059,0,1,6/18/2023,1,2
864,SAF0060,1,1,6/18/2023,1,2
865,SAF0061,0,1,6/18/2023,0,2
866,SAF0062,0,1,6/18/2023,1,2
867,SAF0063,1,0,6/18/2023,1,1
868,SAF0064,1,1,6/18/2023,2,2
869,SAF0065,1,1,6/18/2023,2,2
870,SAF0066,1,1,6/18/2023,2,2
871,SAF0067,1,1,6/18/2023,1,2
872,SAF0001,0,0,7/2/2023,0,0
873,SAF0002,1,1,7/2/2023,1,2
874,SAF0003,1,1,7/2/2023,2,2
875,SAF0004,1,1,7/2/2023,2,2
876,SAF0005,1,1,7/2/2023,2,2
877,SAF0006,1,1,7/2/2023,1,2
878,SAF0007,1,1,7/2/2023,1,1
879,SAF0008,0,1,7/2/2023,0,2
880,SAF0009,0,1,7/2/2023,0,2
881,SAF0010,1,0,7/2/2023,2,0
882,SAF0011,1,1,7/2/2023,1,2
883,SAF0012,0,1,7/2/2023,1,1
884,SAF0013,1,1,7/2/2023,1,2
885,SAF0014,0,0,7/2/2023,0,1
886,SAF0015,0,1,7/2/2023,1,2
887,SAF0016,0,1,7/2/2023,1,2
888,SAF0017,1,1,7/2/2023,2,2
889,SAF0018,0,0,7/2/2023,0,1
890,SAF0019,0,1,7/2/2023,1,2
891,SAF0020,0,1,7/2/2023,1,2
892,SAF0021,1,1,7/2/2023,2,2
893,SAF0022,0,1,7/2/2023,1,1
894,SAF0023,1,0,7/2/2023,2,1
895,SAF0024,0,1,7/2/2023,0,1
896,SAF0025,0,1,7/2/2023,1,2
897,SAF0026,0,1,7/2/2023,0,2
898,SAF0027,0,0,7/2/2023,1,0
899,SAF0028,0,1,7/2/2023,1,2
900,SAF0029,1,0,7/2/2023,2,1
901,SAF0030,1,0,7/2/2023,1,1
902,SAF0031,0,1,7/2/2023,1,2
903,SAF0032,0,1,7/2/2023,0,2
904,SAF0033,1,1,7/2/2023,2,2
905,SAF0034,1,1,7/2/2023,2,2
906,SAF0035,0,1,7/2/2023,0,1
907,SAF0036,0,1,7/2/2023,1,2
908,SAF0037,1,0,7/2/2023,2,0
909,SAF0038,0,1,7/2/2023,1,2
910,SAF0039,1,1,7/2/2023,2,2
911,SAF0040,1,1,7/2/2023,2,2
912,SAF0041,1,1,7/2/2023,2,1
913,SAF0042,0,1,7/2/2023,1,2
914,SAF0043,1,1,7/2/2023,2,1
915,SAF0044,1,0,7/2/2023,2,1
916,SAF0045,1,1,7/2/2023,1,2
917,SAF0046,1,1,7/2/2023,1,2
918,SAF0047,0,1,7/2/2023,1,2
919,SAF0048,0,0,7/2/2023,0,1
920,SAF0049,0,1,7/2/2023,0,2
921,SAF0050,1,1,7/2/2023,2,2
922,SAF0051,1,0,7/2/2023,2,1
923,SAF0052,0,1,7/2/2023,1,2
924,SAF0053,0,1,7/2/2023,0,1
925,SAF0054,1,1,7/2/2023,2,2
926,SAF0055,0,0,7/2/2023,1,1
927,SAF0056,0,1,7/2/2023,1,2
928,SAF0057,0,1,7/2/2023,0,1
929,SAF0058,0,1,7/2/2023,0,2
930,SAF0059,1,1,7/2/2023,1,2
931,SAF0060,0,1,7/2/2023,1,2
932,SAF0061,0,0,7/2/2023,0,1
933,SAF0062,0,1,7/2/2023,0,2
934,SAF0063,1,1,7/2/2023,2,1
935,SAF0064,0,1,7/2/2023,1,2
936,SAF0065,1,1,7/2/2023,2,2
937,SAF0066,0,1,7/2/2023,1,2
938,SAF0067,1,1,7/2/2023,2,2
939,SAF0001,1,1,7/16/2023,1,1
940,SAF0002,1,0,7/16/2023,2,1
941,SAF0003,0,1,7/16/2023,1,2
942,SAF0004,1,1,7/16/2023,2,2
943,SAF0005,0,1,7/16/2023,1,2
944,SAF0006,1,0,7/16/2023,2,1
945,SAF0007,1,0,7/16/2023,2,1
946,SAF0008,1,1,7/16/2023,1,2
947,SAF0009,1,0,7/16/2023,1,1
948,SAF0010,0,1,7/16/2023,1,1
949,SAF0011,0,1,7/16/2023,1,2
950,SAF0012,0,1,7/16/2023,0,2
951,SAF0013,0,1,7/16/2023,1,2
952,SAF0014,1,1,7/16/2023,1,1
953,SAF0015,0,0,7/16/2023,0,1
954,SAF0016,1,0,7/16/2023,1,1
955,SAF0017,1,0,7/16/2023,2,1
956,SAF0018,0,1,7/16/2023,0,1
957,SAF0019,1,1,7/16/2023,1,2
958,SAF0020,0,1,7/16/2023,0,2
959,SAF0021,0,0,7/16/2023,1,1
960,SAF0022,1,1,7/16/2023,1,2
961,SAF0023,0,1,7/16/2023,1,1
962,SAF0024,1,1,7/16/2023,1,2
963,SAF0025,0,1,7/16/2023,0,2
964,SAF0026,0,1,7/16/2023,0,2
965,SAF0027,0,1,7/16/2023,0,1
966,SAF0028,0,1,7/16/2023,0,2
967,SAF0029,1,1,7/16/2023,2,1
968,SAF0030,1,1,7/16/2023,2,1
969,SAF0031,1,0,7/16/2023,1,1
970,SAF0032,0,1,7/16/2023,0,2
971,SAF0033,0,0,7/16/2023,1,1
972,SAF0034,0,1,7/16/2023,1,2
973,SAF0035,1,1,7/16/2023,1,2
974,SAF0036,0,1,7/16/2023,0,2
975,SAF0037,1,1,7/16/2023,2,1
976,SAF0038,0,1,7/16/2023,0,2
977,SAF0039,1,1,7/16/2023,2,2
978,SAF0040,0,1,7/16/2023,1,2
979,SAF0041,0,0,7/16/2023,1,1
980,SAF0042,1,1,7/16/2023,1,2
981,SAF0043,1,1,7/16/2023,2,2
982,SAF0044,0,1,7/16/2023,1,1
983,SAF0045,0,1,7/16/2023,1,2
984,SAF0046,1,1,7/16/2023,2,2
985,SAF0047,0,1,7/16/2023,0,2
986,SAF0048,0,1,7/16/2023,0,1
987,SAF0049,0,1,7/16/2023,0,2
988,SAF0050,0,1,7/16/2023,1,2
989,SAF0051,0,1,7/16/2023,1,1
990,SAF0052,1,1,7/16/2023,1,2
991,SAF0053,1,0,7/16/2023,1,1
992,SAF0054,1,1,7/16/2023,2,2
993,SAF0055,0,1,7/16/2023,0,1
994,SAF0056,0,0,7/16/2023,0,1
995,SAF0057,1,1,7/16/2023,1,2
996,SAF0058,0,1,7/16/2023,0,2
997,SAF0059,1,1,7/16/2023,2,2
998,SAF0060,0,1,7/16/2023,0,2
999,SAF0061,1,1,7/16/2023,1,1
1000,SAF0062,0,1,7/16/2023,0,2
1001,SAF0063,0,1,7/16/2023,1,2
1002,SAF0064,0,1,7/16/2023,0,2
1003,SAF0065,0,0,7/16/2023,1,1
1004,SAF0066,1,1,7/16/2023,1,2
1005,SAF0067,1,1,7/16/2023,2,2
1006,SAF0001,0,1,7/30/2023,1,2
1007,SAF0002,1,0,7/30/2023,2,0
1008,SAF0003,1,1,7/30/2023,1,2
1009,SAF0004,1,1,7/30/2023,2,2
1010,SAF0005,1,1,7/30/2023,1,2
1011,SAF0006,0,1,7/30/2023,1,1
1012,SAF0007,0,1,7/30/2023,1,1
1013,SAF0008,1,0,7/30/2023,2,1
1014,SAF0009,1,1,7/30/2023,2,1
1015,SAF0010,0,1,7/30/2023,0,2
1016,SAF0011,1,1,7/30/2023,1,2
1017,SAF0012,1,0,7/30/2023,1,1
1018,SAF0013,0,0,7/30/2023,0,1
1019,SAF0014,0,1,7/30/2023,1,2
1020,SAF0015,0,1,7/30/2023,0,1
1021,SAF0016,1,1,7/30/2023,2,1
1022,SAF0017,0,1,7/30/2023,1,1
1023,SAF0018,1,1,7/30/2023,1,2
1024,SAF0019,0,1,7/30/2023,1,2
1025,SAF0020,0,1,7/30/2023,0,2
1026,SAF0021,1,1,7/30/2023,1,1
1027,SAF0022,0,1,7/30/2023,1,2
1028,SAF0023,1,1,7/30/2023,1,2
1029,SAF0024,1,1,7/30/2023,2,2
1030,SAF0025,1,1,7/30/2023,1,2
1031,SAF0026,1,1,7/30/2023,1,2
1032,SAF0027,0,0,7/30/2023,0,1
1033,SAF0028,0,1,7/30/2023,0,2
1034,SAF0029,0,1,7/30/2023,1,2
1035,SAF0030,1,1,7/30/2023,2,2
1036,SAF0031,0,1,7/30/2023,1,1
1037,SAF0032,0,1,7/30/2023,0,2
1038,SAF0033,1,1,7/30/2023,1,1
1039,SAF0034,1,1,7/30/2023,1,2
1040,SAF0035,1,1,7/30/2023,2,2
1041,SAF0036,1,1,7/30/2023,1,2
1042,SAF0037,1,0,7/30/2023,2,1
1043,SAF0038,1,1,7/30/2023,1,2
1044,SAF0039,0,0,7/30/2023,1,1
1045,SAF0040,1,1,7/30/2023,1,2
1046,SAF0041,0,1,7/30/2023,0,1
1047,SAF0042,1,1,7/30/2023,2,2
1048,SAF0043,0,1,7/30/2023,1,2
1049,SAF0044,0,0,7/30/2023,0,1
1050,SAF0045,0,1,7/30/2023,0,2
1051,SAF0046,0,1,7/30/2023,1,2
1052,SAF0047,1,1,7/30/2023,1,2
1053,SAF0048,1,1,7/30/2023,1,2
1054,SAF0049,1,1,7/30/2023,1,2
1055,SAF0050,0,1,7/30/2023,0,2
1056,SAF0051,1,1,7/30/2023,1,2
1057,SAF0052,1,1,7/30/2023,2,2
1058,SAF0053,0,0,7/30/2023,1,0
1059,SAF0054,0,1,7/30/2023,1,2
1060,SAF0055,1,0,7/30/2023,1,1
1061,SAF0056,1,0,7/30/2023,1,0
1062,SAF0057,1,0,7/30/2023,2,1
1063,SAF0058,0,1,7/30/2023,0,2
1064,SAF0059,1,1,7/30/2023,2,2
1065,SAF0060,1,1,7/30/2023,1,2
1066,SAF0061,1,1,7/30/2023,2,2
1067,SAF0062,0,1,7/30/2023,0,2
1068,SAF0063,1,1,7/30/2023,1,2
1069,SAF0064,0,1,7/30/2023,0,2
1070,SAF0065,1,1,7/30/2023,1,1
1071,SAF0066,1,1,7/30/2023,2,2
1072,SAF0067,0,0,7/30/2023,1,1
1073,SAF0001,0,1,8/13/2023,0,2
1074,SAF0002,1,1,8/13/2023,2,1
1075,SAF0003,0,1,8/13/2023,1,2
1076,SAF0004,1,0,8/13/2023,2,1
1077,SAF0005,0,1,8/13/2023,1,2
1078,SAF0006,1,0,8/13/2023,1,1
1079,SAF0007,0,1,8/13/2023,0,2
1080,SAF0008,0,1,8/13/2023,1,1
1081,SAF0009,0,1,8/13/2023,1,2
1082,SAF0010,1,1,8/13/2023,1,2
1083,SAF0011,1,1,8/13/2023,2,2
1084,SAF0012,1,1,8/13/2023,2,1
1085,SAF0013,0,0,8/13/2023,0,0
1086,SAF0014,0,1,8/13/2023,0,2
1087,SAF0015,1,1,8/13/2023,1,2
1088,SAF0016,1,1,8/13/2023,2,2
1089,SAF0017,0,0,8/13/2023,0,1
1090,SAF0018,1,0,8/13/2023,2,1
1091,SAF0019,0,1,8/13/2023,0,2
1092,SAF0020,1,0,8/13/2023,1,1
1093,SAF0021,0,1,8/13/2023,1,2
1094,SAF0022,0,0,8/13/2023,0,1
1095,SAF0023,0,0,8/13/2023,1,1
1096,SAF0024,1,1,8/13/2023,2,2
1097,SAF0025,1,1,8/13/2023,2,2
1098,SAF0026,0,1,8/13/2023,1,2
1099,SAF0027,1,1,8/13/2023,1,1
1100,SAF0028,1,1,8/13/2023,1,2
1101,SAF0029,0,1,8/13/2023,0,2
1102,SAF0030,0,0,8/13/2023,1,1
1103,SAF0031,1,1,8/13/2023,1,2
1104,SAF0032,1,1,8/13/2023,1,2
1105,SAF0033,0,1,8/13/2023,1,2
1106,SAF0034,1,1,8/13/2023,2,2
1107,SAF0035,1,1,8/13/2023,2,2
1108,SAF0036,1,1,8/13/2023,2,2
1109,SAF0037,0,1,8/13/2023,1,1
1110,SAF0038,1,0,8/13/2023,2,1
1111,SAF0039,0,1,8/13/2023,0,1
1112,SAF0040,0,1,8/13/2023,1,2
1113,SAF0041,0,1,8/13/2023,0,2
1114,SAF0042,0,0,8/13/2023,1,1
1115,SAF0043,0,1,8/13/2023,0,2
1116,SAF0044,0,1,8/13/2023,0,1
1117,SAF0045,1,0,8/13/2023,1,1
1118,SAF0046,1,0,8/13/2023,1,1
1119,SAF0047,1,0,8/13/2023,2,1
1120,SAF0048,0,1,8/13/2023,1,2
1121,SAF0049,0,0,8/13/2023,1,1
1122,SAF0050,0,0,8/13/2023,0,1
1123,SAF0051,1,1,8/13/2023,2,2
1124,SAF0052,1,1,8/13/2023,2,2
1125,SAF0053,1,0,8/13/2023,1,0
1126,SAF0054,1,1,8/13/2023,1,2
1127,SAF0055,0,1,8/13/2023,1,1
1128,SAF0056,0,1,8/13/2023,1,1
1129,SAF0057,1,1,8/13/2023,2,1
1130,SAF0058,1,1,8/13/2023,1,2
1131,SAF0059,1,1,8/13/2023,2,2
1132,SAF0060,0,0,8/13/2023,1,1
1133,SAF0061,1,1,8/13/2023,2,2
1134,SAF0062,1,1,8/13/2023,1,2
1135,SAF0063,0,1,8/13/2023,1,2
1136,SAF0064,0,0,8/13/2023,0,1
1137,SAF0065,0,0,8/13/2023,1,1
1138,SAF0066,0,1,8/13/2023,1,2
1139,SAF0067,0,0,8/13/2023,0,0
1140,SAF0001,0,0,8/27/2023,0,1
1141,SAF0002,0,1,8/27/2023,1,2
1142,SAF0003,1,1,8/27/2023,1,2
1143,SAF0004,0,0,8/27/2023,1,0
1144,SAF0005,1,0,8/27/2023,1,1
1145,SAF0006,0,0,8/27/2023,1,0
1146,SAF0007,0,1,8/27/2023,0,2
1147,SAF0008,0,1,8/27/2023,0,2
1148,SAF0009,0,1,8/27/2023,0,2
1149,SAF0010,1,1,8/27/2023,2,2
1150,SAF0011,1,0,8/27/2023,2,1
1151,SAF0012,0,0,8/27/2023,1,1
1152,SAF0013,1,1,8/27/2023,1,1
1153,SAF0014,0,1,8/27/2023,0,2
1154,SAF0015,1,1,8/27/2023,2,2
1155,SAF0016,0,1,8/27/2023,1,2
1156,SAF0017,0,1,8/27/2023,0,1
1157,SAF0018,0,1,8/27/2023,1,1
1158,SAF0019,0,1,8/27/2023,0,2
1159,SAF0020,1,1,8/27/2023,2,1
1160,SAF0021,0,0,8/27/2023,0,1
1161,SAF0022,1,1,8/27/2023,1,1
1162,SAF0023,0,1,8/27/2023,0,1
1163,SAF0024,0,1,8/27/2023,1,2
1164,SAF0025,1,1,8/27/2023,2,2
1165,SAF0026,1,1,8/27/2023,1,2
1166,SAF0027,0,1,8/27/2023,1,2
1167,SAF0028,1,0,8/27/2023,2,1
1168,SAF0029,1,0,8/27/2023,1,1
1169,SAF0030,1,1,8/27/2023,1,1
1170,SAF0031,1,1,8/27/2023,2,2
1171,SAF0032,0,1,8/27/2023,1,2
1172,SAF0033,0,1,8/27/2023,0,2
1173,SAF0034,1,1,8/27/2023,2,2
1174,SAF0035,1,0,8/27/2023,2,1
1175,SAF0036,0,1,8/27/2023,1,2
1176,SAF0037,0,1,8/27/2023,0,2
1177,SAF0038,0,0,8/27/2023,1,0
1178,SAF0039,0,1,8/27/2023,0,2
1179,SAF0040,0,1,8/27/2023,0,2
1180,SAF0041,0,1,8/27/2023,0,2
1181,SAF0042,1,1,8/27/2023,1,1
1182,SAF0043,1,1,8/27/2023,1,2
1183,SAF0044,1,0,8/27/2023,1,1
1184,SAF0045,0,1,8/27/2023,1,1
1185,SAF0046,1,1,8/27/2023,2,1
1186,SAF0047,1,1,8/27/2023,2,1
1187,SAF0048,0,1,8/27/2023,0,2
1188,SAF0049,0,1,8/27/2023,0,1
1189,SAF0050,0,1,8/27/2023,0,1
1190,SAF0051,0,0,8/27/2023,1,1
1191,SAF0052,1,1,8/27/2023,2,2
1192,SAF0053,0,1,8/27/2023,1,1
1193,SAF0054,0,1,8/27/2023,1,2
1194,SAF0055,1,1,8/27/2023,1,2
1195,SAF0056,1,1,8/27/2023,1,2
1196,SAF0057,0,1,8/27/2023,1,2
1197,SAF0058,1,1,8/27/2023,2,2
1198,SAF0059,1,1,8/27/2023,2,2
1199,SAF0060,1,1,8/27/2023,1,1
1200,SAF0061,0,1,8/27/2023,1,2
1201,SAF0062,0,1,8/27/2023,1,2
1202,SAF0063,1,1,8/27/2023,1,2
1203,SAF0064,1,0,8/27/2023,1,0
1204,SAF0065,0,1,8/27/2023,0,1
1205,SAF0066,1,1,8/27/2023,1,2
1206,SAF0067,1,0,8/27/2023,1,0
1207,SAF0001,0,0,9/10/2023,0,0
1208,SAF0002,0,1,9/10/2023,0,2
1209,SAF0003,1,1,9/10/2023,2,2
1210,SAF0004,1,1,9/10/2023,1,1
1211,SAF0005,1,1,9/10/2023,2,1
1212,SAF0006,0,1,9/10/2023,0,1
1213,SAF0007,0,1,9/10/2023,0,2
1214,SAF0008,1,1,9/10/2023,1,2
1215,SAF0009,1,1,9/10/2023,1,2
1216,SAF0010,1,1,9/10/2023,2,2
1217,SAF0011,1,0,9/10/2023,2,0
1218,SAF0012,0,1,9/10/2023,0,1
1219,SAF0013,1,1,9/10/2023,2,2
1220,SAF0014,1,1,9/10/2023,1,2
1221,SAF0015,1,1,9/10/2023,2,2
1222,SAF0016,0,1,9/10/2023,0,2
1223,SAF0017,0,0,9/10/2023,0,1
1224,SAF0018,0,1,9/10/2023,0,2
1225,SAF0019,1,1,9/10/2023,1,2
1226,SAF0020,0,1,9/10/2023,1,2
1227,SAF0021,1,1,9/10/2023,1,1
1228,SAF0022,1,1,9/10/2023,2,2
1229,SAF0023,0,1,9/10/2023,0,2
1230,SAF0024,0,1,9/10/2023,0,2
1231,SAF0025,0,1,9/10/2023,1,2
1232,SAF0026,1,1,9/10/2023,2,2
1233,SAF0027,1,1,9/10/2023,1,2
1234,SAF0028,0,1,9/10/2023,1,1
1235,SAF0029,0,1,9/10/2023,1,1
1236,SAF0030,0,0,9/10/2023,1,1
1237,SAF0031,1,1,9/10/2023,2,2
1238,SAF0032,1,1,9/10/2023,1,2
1239,SAF0033,1,1,9/10/2023,1,2
1240,SAF0034,1,1,9/10/2023,2,2
1241,SAF0035,1,1,9/10/2023,2,1
1242,SAF0036,1,0,9/10/2023,1,1
1243,SAF0037,1,1,9/10/2023,1,2
1244,SAF0038,0,1,9/10/2023,0,1
1245,SAF0039,0,1,9/10/2023,0,2
1246,SAF0040,1,1,9/10/2023,1,2
1247,SAF0041,0,0,9/10/2023,0,1
1248,SAF0042,1,1,9/10/2023,2,2
1249,SAF0043,0,0,9/10/2023,1,1
1250,SAF0044,1,1,9/10/2023,2,1
1251,SAF0045,0,1,9/10/2023,0,2
1252,SAF0046,0,1,9/10/2023,1,2
1253,SAF0047,0,0,9/10/2023,1,1
1254,SAF0048,1,1,9/10/2023,1,2
1255,SAF0049,0,0,9/10/2023,0,1
1256,SAF0050,0,0,9/10/2023,0,1
1257,SAF0051,0,1,9/10/2023,0,1
1258,SAF0052,0,1,9/10/2023,1,2
1259,SAF0053,1,1,9/10/2023,1,2
1260,SAF0054,0,1,9/10/2023,0,2
1261,SAF0055,1,1,9/10/2023,2,2
1262,SAF0056,1,0,9/10/2023,2,1
1263,SAF0057,1,1,9/10/2023,1,2
1264,SAF0058,0,1,9/10/2023,1,2
1265,SAF0059,0,1,9/10/2023,1,2
1266,SAF0060,0,1,9/10/2023,1,2
1267,SAF0061,0,1,9/10/2023,0,2
1268,SAF0062,1,1,9/10/2023,1,2
1269,SAF0063,1,1,9/10/2023,2,2
1270,SAF0064,1,1,9/10/2023,2,1
1271,SAF0065,0,1,9/10/2023,0,2
1272,SAF0066,0,1,9/10/2023,1,2
1273,SAF0067,0,0,9/10/2023,1,0
1274,SAF0001,1,1,9/24/2023,1,1
1275,SAF0002,1,0,9/24/2023,1,1
1276,SAF0003,1,1,9/24/2023,2,2
1277,SAF0004,1,1,9/24/2023,2,2
1278,SAF0005,0,1,9/24/2023,1,2
1279,SAF0006,0,1,9/24/2023,0,2
1280,SAF0007,0,1,9/24/2023,0,2
1281,SAF0008,0,1,9/24/2023,1,2
1282,SAF0009,0,1,9/24/2023,1,2
1283,SAF0010,1,1,9/24/2023,2,2
1284,SAF0011,1,0,9/24/2023,2,0
1285,SAF0012,0,1,9/24/2023,0,2
1286,SAF0013,0,1,9/24/2023,1,2
1287,SAF0014,1,1,9/24/2023,2,2
1288,SAF0015,0,1,9/24/2023,1,2
1289,SAF0016,1,1,9/24/2023,1,2
1290,SAF0017,1,1,9/24/2023,1,1
1291,SAF0018,0,1,9/24/2023,0,2
1292,SAF0019,0,1,9/24/2023,1,2
1293,SAF0020,0,1,9/24/2023,0,2
1294,SAF0021,0,1,9/24/2023,1,2
1295,SAF0022,1,1,9/24/2023,2,2
1296,SAF0023,0,1,9/24/2023,0,2
1297,SAF0024,0,1,9/24/2023,0,2
1298,SAF0025,1,1,9/24/2023,1,2
1299,SAF0026,0,1,9/24/2023,1,2
1300,SAF0027,1,1,9/24/2023,2,2
1301,SAF0028,0,1,9/24/2023,0,2
1302,SAF0029,1,1,9/24/2023,1,2
1303,SAF0030,1,1,9/24/2023,1,1
1304,SAF0031,1,1,9/24/2023,2,2
1305,SAF0032,0,1,9/24/2023,1,2
1306,SAF0033,0,1,9/24/2023,1,2
1307,SAF0034,1,1,9/24/2023,2,2
1308,SAF0035,0,0,9/24/2023,1,1
1309,SAF0036,1,1,9/24/2023,2,1
1310,SAF0037,1,0,9/24/2023,2,1
1311,SAF0038,1,1,9/24/2023,1,2
1312,SAF0039,0,1,9/24/2023,0,2
1313,SAF0040,1,0,9/24/2023,2,1
1314,SAF0041,0,1,9/24/2023,0,1
1315,SAF0042,1,1,9/24/2023,2,2
1316,SAF0043,1,1,9/24/2023,1,1
1317,SAF0044,1,1,9/24/2023,2,2
1318,SAF0045,0,1,9/24/2023,0,2
1319,SAF0046,1,1,9/24/2023,1,2
1320,SAF0047,1,1,9/24/2023,1,1
1321,SAF0048,1,1,9/24/2023,2,2
1322,SAF0049,1,0,9/24/2023,1,0
1323,SAF0050,1,1,9/24/2023,1,1
1324,SAF0051,0,0,9/24/2023,0,1
1325,SAF0052,1,1,9/24/2023,1,2
1326,SAF0053,1,0,9/24/2023,2,1
1327,SAF0054,1,1,9/24/2023,1,2
1328,SAF0055,1,1,9/24/2023,2,2
1329,SAF0056,1,1,9/24/2023,2,1
1330,SAF0057,0,1,9/24/2023,1,2
1331,SAF0058,1,0,9/24/2023,1,1
1332,SAF0059,0,1,9/24/2023,0,2
1333,SAF0060,0,1,9/24/2023,0,2
1334,SAF0061,1,1,9/24/2023,1,2
1335,SAF0062,0,0,9/24/2023,1,1
1336,SAF0063,1,0,9/24/2023,2,1
1337,SAF0064,1,0,9/24/2023,2,1
1338,SAF0065,0,1,9/24/2023,0,2
1339,SAF0066,1,1,9/24/2023,1,2
1340,SAF0067,1,1,9/24/2023,1,1
1341,SAF0001,1,1,10/8/2023,2,2
1342,SAF0002,1,1,10/8/2023,2,1
1343,SAF0003,0,1,10/8/2023,1,2
1344,SAF0004,1,1,10/8/2023,2,2
1345,SAF0005,1,1,10/8/2023,1,2
1346,SAF0006,0,0,10/8/2023,0,1
1347,SAF0007,0,1,10/8/2023,0,2
1348,SAF0008,0,0,10/8/2023,0,1
1349,SAF0009,1,1,10/8/2023,1,2
1350,SAF0010,0,1,10/8/2023,1,2
1351,SAF0011,1,1,10/8/2023,2,1
1352,SAF0012,1,1,10/8/2023,1,2
1353,SAF0013,0,1,10/8/2023,0,2
1354,SAF0014,1,0,10/8/2023,2,1
1355,SAF0015,1,1,10/8/2023,1,2
1356,SAF0016,0,0,10/8/2023,1,1
1357,SAF0017,0,1,10/8/2023,1,2
1358,SAF0018,1,1,10/8/2023,1,2
1359,SAF0019,0,1,10/8/2023,0,2
1360,SAF0020,1,1,10/8/2023,1,2
1361,SAF0021,1,1,10/8/2023,1,2
1362,SAF0022,1,1,10/8/2023,2,2
1363,SAF0023,0,1,10/8/2023,0,2
1364,SAF0024,1,1,10/8/2023,1,2
1365,SAF0025,1,1,10/8/2023,2,2
1366,SAF0026,0,1,10/8/2023,0,2
1367,SAF0027,1,1,10/8/2023,2,2
1368,SAF0028,1,1,10/8/2023,1,2
1369,SAF0029,1,1,10/8/2023,2,2
1370,SAF0030,1,1,10/8/2023,2,2
1371,SAF0031,0,1,10/8/2023,1,2
1372,SAF0032,1,1,10/8/2023,1,2
1373,SAF0033,1,1,10/8/2023,1,2
1374,SAF0034,1,1,10/8/2023,2,2
1375,SAF0035,1,0,10/8/2023,1,0
1376,SAF0036,0,0,10/8/2023,1,1
1377,SAF0037,0,1,10/8/2023,1,1
1378,SAF0038,0,1,10/8/2023,1,2
1379,SAF0039,1,0,10/8/2023,1,1
1380,SAF0040,0,0,10/8/2023,1,0
1381,SAF0041,1,1,10/8/2023,1,2
1382,SAF0042,0,1,10/8/2023,1,2
1383,SAF0043,0,1,10/8/2023,1,2
1384,SAF0044,1,1,10/8/2023,2,2
1385,SAF0045,1,0,10/8/2023,1,1
1386,SAF0046,1,1,10/8/2023,2,2
1387,SAF0047,0,1,10/8/2023,1,2
1388,SAF0048,0,0,10/8/2023,1,1
1389,SAF0049,1,1,10/8/2023,2,1
1390,SAF0050,1,1,10/8/2023,2,2
1391,SAF0051,1,1,10/8/2023,1,1
1392,SAF0052,1,1,10/8/2023,2,2
1393,SAF0053,0,1,10/8/2023,1,1
1394,SAF0054,1,1,10/8/2023,2,2
1395,SAF0055,0,1,10/8/2023,1,2
1396,SAF0056,1,1,10/8/2023,2,2
1397,SAF0057,1,1,10/8/2023,1,2
1398,SAF0058,0,1,10/8/2023,1,1
1399,SAF0059,0,1,10/8/2023,0,2
1400,SAF0060,0,0,10/8/2023,0,1
1401,SAF0061,1,1,10/8/2023,2,2
1402,SAF0062,1,1,10/8/2023,1,1
1403,SAF0063,1,1,10/8/2023,2,1
1404,SAF0064,0,0,10/8/2023,1,0
1405,SAF0065,0,1,10/8/2023,0,2
1406,SAF0066,0,1,10/8/2023,1,2
1407,SAF0067,1,1,10/8/2023,2,2
1408,SAF0001,1,0,10/22/2023,2,1
1409,SAF0002,1,0,10/22/2023,2,1
1410,SAF0003,0,1,10/22/2023,0,2
1411,SAF0004,0,1,10/22/2023,1,2
1412,SAF0005,1,1,10/22/2023,2,2
1413,SAF0006,0,1,10/22/2023,0,1
1414,SAF0007,0,1,10/22/2023,0,2
1415,SAF0008,0,0,10/22/2023,0,0
1416,SAF0009,1,0,10/22/2023,2,1
1417,SAF0010,0,1,10/22/2023,0,2
1418,SAF0011,0,0,10/22/2023,1,1
1419,SAF0012,0,1,10/22/2023,1,2
1420,SAF0013,0,1,10/22/2023,0,2
1421,SAF0014,0,1,10/22/2023,1,1
1422,SAF0015,1,1,10/22/2023,2,2
1423,SAF0016,0,1,10/22/2023,0,1
1424,SAF0017,1,1,10/22/2023,1,2
1425,SAF0018,0,1,10/22/2023,1,2
1426,SAF0019,1,1,10/22/2023,1,2
1427,SAF0020,0,1,10/22/2023,1,2
1428,SAF0021,0,1,10/22/2023,1,2
1429,SAF0022,0,1,10/22/2023,1,2
1430,SAF0023,0,1,10/22/2023,0,2
1431,SAF0024,0,1,10/22/2023,1,2
1432,SAF0025,0,0,10/22/2023,1,1
1433,SAF0026,0,1,10/22/2023,0,2
1434,SAF0027,1,1,10/22/2023,2,2
1435,SAF0028,0,0,10/22/2023,1,1
1436,SAF0029,1,1,10/22/2023,2,2
1437,SAF0030,0,1,10/22/2023,1,2
1438,SAF0031,0,1,10/22/2023,0,2
1439,SAF0032,0,0,10/22/2023,1,1
1440,SAF0033,1,1,10/22/2023,2,2
1441,SAF0034,0,1,10/22/2023,1,2
1442,SAF0035,0,1,10/22/2023,1,1
1443,SAF0036,0,1,10/22/2023,0,1
1444,SAF0037,1,1,10/22/2023,1,2
1445,SAF0038,0,1,10/22/2023,0,2
1446,SAF0039,1,1,10/22/2023,2,1
1447,SAF0040,0,1,10/22/2023,0,1
1448,SAF0041,1,1,10/22/2023,2,2
1449,SAF0042,0,0,10/22/2023,0,1
1450,SAF0043,1,1,10/22/2023,1,2
1451,SAF0044,0,0,10/22/2023,1,1
1452,SAF0045,0,0,10/22/2023,1,0
1453,SAF0046,1,1,10/22/2023,2,2
1454,SAF0047,0,0,10/22/2023,0,1
1455,SAF0048,0,1,10/22/2023,0,1
1456,SAF0049,1,0,10/22/2023,2,1
1457,SAF0050,0,1,10/22/2023,1,2
1458,SAF0051,0,1,10/22/2023,1,2
1459,SAF0052,1,1,10/22/2023,2,2
1460,SAF0053,1,1,10/22/2023,1,2
1461,SAF0054,0,1,10/22/2023,1,2
1462,SAF0055,1,1,10/22/2023,1,2
1463,SAF0056,0,0,10/22/2023,1,1
1464,SAF0057,1,1,10/22/2023,2,2
1465,SAF0058,0,1,10/22/2023,0,2
1466,SAF0059,0,1,10/22/2023,0,2
1467,SAF0060,0,1,10/22/2023,0,1
1468,SAF0061,0,1,10/22/2023,1,2
1469,SAF0062,1,1,10/22/2023,2,2
1470,SAF0063,0,1,10/22/2023,1,2
1471,SAF0064,0,0,10/22/2023,0,0
1472,SAF0065,0,1,10/22/2023,0,2
1473,SAF0066,1,1,10/22/2023,1,2
1474,SAF0067,1,1,10/22/2023,2,2
1475,SAF0001,1,1,11/5/2023,2,1
1476,SAF0002,1,1,11/5/2023,2,1
1477,SAF0003,0,1,11/5/2023,0,2
1478,SAF0004,1,1,11/5/2023,1,2
1479,SAF0005,0,1,11/5/2023,1,2
1480,SAF0006,1,1,11/5/2023,1,2
1481,SAF0007,1,1,11/5/2023,1,2
1482,SAF0008,1,1,11/5/2023,1,1
1483,SAF0009,0,1,11/5/2023,1,1
1484,SAF0010,0,1,11/5/2023,0,2
1485,SAF0011,0,1,11/5/2023,0,1
1486,SAF0012,0,0,11/5/2023,0,1
1487,SAF0013,0,1,11/5/2023,0,2
1488,SAF0014,1,1,11/5/2023,1,2
1489,SAF0015,0,1,11/5/2023,1,2
1490,SAF0016,1,1,11/5/2023,1,2
1491,SAF0017,0,1,11/5/2023,1,2
1492,SAF0018,1,0,11/5/2023,1,1
1493,SAF0019,0,1,11/5/2023,1,2
1494,SAF0020,1,1,11/5/2023,1,2
1495,SAF0021,1,1,11/5/2023,1,2
1496,SAF0022,1,1,11/5/2023,1,2
1497,SAF0023,0,1,11/5/2023,0,2
1498,SAF0024,1,1,11/5/2023,1,2
1499,SAF0025,0,1,11/5/2023,0,1
1500,SAF0026,0,1,11/5/2023,0,2
1501,SAF0027,1,1,11/5/2023,2,2
1502,SAF0028,0,1,11/5/2023,0,1
1503,SAF0029,0,1,11/5/2023,1,2
1504,SAF0030,0,1,11/5/2023,0,2
1505,SAF0031,1,1,11/5/2023,1,2
1506,SAF0032,1,1,11/5/2023,1,1
1507,SAF0033,0,0,11/5/2023,1,1
1508,SAF0034,0,1,11/5/2023,0,2
1509,SAF0035,0,1,11/5/2023,0,2
1510,SAF0036,0,1,11/5/2023,0,2
1511,SAF0037,1,0,11/5/2023,2,1
1512,SAF0038,1,0,11/5/2023,1,1
1513,SAF0039,1,1,11/5/2023,2,2
1514,SAF0040,1,1,11/5/2023,1,2
1515,SAF0041,1,1,11/5/2023,2,2
1516,SAF0042,0,1,11/5/2023,0,1
1517,SAF0043,0,0,11/5/2023,1,1
1518,SAF0044,0,1,11/5/2023,0,1
1519,SAF0045,0,1,11/5/2023,0,1
1520,SAF0046,0,0,11/5/2023,1,1
1521,SAF0047,1,1,11/5/2023,1,1
1522,SAF0048,1,0,11/5/2023,1,1
1523,SAF0049,0,1,11/5/2023,1,1
1524,SAF0050,0,1,11/5/2023,0,2
1525,SAF0051,0,1,11/5/2023,0,2
1526,SAF0052,0,1,11/5/2023,1,2
1527,SAF0053,1,1,11/5/2023,2,2
1528,SAF0054,1,1,11/5/2023,1,2
1529,SAF0055,1,0,11/5/2023,2,1
1530,SAF0056,0,1,11/5/2023,0,1
1531,SAF0057,1,1,11/5/2023,2,2
1532,SAF0058,1,1,11/5/2023,1,2
1533,SAF0059,1,1,11/5/2023,1,2
1534,SAF0060,1,1,11/5/2023,1,2
1535,SAF0061,0,1,11/5/2023,0,2
1536,SAF0062,0,1,11/5/2023,1,2
1537,SAF0063,0,1,11/5/2023,0,2
1538,SAF0064,0,1,11/5/2023,0,1
1539,SAF0065,1,1,11/5/2023,1,2
1540,SAF0066,0,1,11/5/2023,1,2
1541,SAF0067,1,1,11/5/2023,2,2
1542,SAF0001,1,0,11/19/2023,2,1
1543,SAF0002,0,1,11/19/2023,1,2
1544,SAF0003,0,1,11/19/2023,0,2
1545,SAF0004,0,0,11/19/2023,1,1
1546,SAF0005,0,1,11/19/2023,0,2
1547,SAF0006,0,0,11/19/2023,1,1
1548,SAF0007,1,1,11/19/2023,2,2
1549,SAF0008,1,0,11/19/2023,2,1
1550,SAF0009,1,1,11/19/2023,1,2
1551,SAF0010,1,1,11/19/2023,1,2
1552,SAF0011,1,1,11/19/2023,1,2
1553,SAF0012,0,1,11/19/2023,0,1
1554,SAF0013,0,1,11/19/2023,0,2
1555,SAF0014,0,1,11/19/2023,1,2
1556,SAF0015,1,1,11/19/2023,1,2
1557,SAF0016,1,1,11/19/2023,2,2
1558,SAF0017,1,1,11/19/2023,1,2
1559,SAF0018,1,1,11/19/2023,2,1
1560,SAF0019,1,1,11/19/2023,1,2
1561,SAF0020,0,1,11/19/2023,1,2
1562,SAF0021,1,1,11/19/2023,2,2
1563,SAF0022,0,1,11/19/2023,1,2
1564,SAF0023,1,1,11/19/2023,1,2
1565,SAF0024,0,1,11/19/2023,1,2
1566,SAF0025,1,0,11/19/2023,1,1
1567,SAF0026,1,1,11/19/2023,1,2
1568,SAF0027,0,1,11/19/2023,1,2
1569,SAF0028,1,1,11/19/2023,1,2
1570,SAF0029,0,1,11/19/2023,0,2
1571,SAF0030,1,1,11/19/2023,1,2
1572,SAF0031,1,1,11/19/2023,2,2
1573,SAF0032,0,1,11/19/2023,1,2
1574,SAF0033,0,1,11/19/2023,0,1
1575,SAF0034,0,1,11/19/2023,0,2
1576,SAF0035,0,0,11/19/2023,0,1
1577,SAF0036,0,1,11/19/2023,0,2
1578,SAF0037,1,1,11/19/2023,2,1
1579,SAF0038,1,0,11/19/2023,2,0
1580,SAF0039,0,0,11/19/2023,1,1
1581,SAF0040,1,1,11/19/2023,2,2
1582,SAF0041,0,1,11/19/2023,1,2
1583,SAF0042,1,0,11/19/2023,1,1
1584,SAF0043,0,1,11/19/2023,0,1
1585,SAF0044,1,1,11/19/2023,1,2
1586,SAF0045,1,1,11/19/2023,1,2
1587,SAF0046,1,1,11/19/2023,1,1
1588,SAF0047,1,0,11/19/2023,2,1
1589,SAF0048,0,0,11/19/2023,1,0
1590,SAF0049,1,1,11/19/2023,1,2
1591,SAF0050,1,1,11/19/2023,1,2
1592,SAF0051,1,0,11/19/2023,1,1
1593,SAF0052,1,0,11/19/2023,1,1
1594,SAF0053,1,1,11/19/2023,2,2
1595,SAF0054,1,1,11/19/2023,2,2
1596,SAF0055,1,0,11/19/2023,2,0
1597,SAF0056,1,1,11/19/2023,1,2
1598,SAF0057,0,1,11/19/2023,1,2
1599,SAF0058,1,0,11/19/2023,2,1
1600,SAF0059,1,0,11/19/2023,2,1
1601,SAF0060,1,1,11/19/2023,2,2
1602,SAF0061,1,1,11/19/2023,1,2
1603,SAF0062,0,0,11/19/2023,0,1
1604,SAF0063,0,1,11/19/2023,0,2
1605,SAF0064,0,1,11/19/2023,0,2
1606,SAF0065,1,0,11/19/2023,2,1
1607,SAF0066,0,1,11/19/2023,0,2
1608,SAF0067,0,1,11/19/2023,1,2
1609,SAF0001,0,1,12/3/2023,1,1
1610,SAF0002,0,1,12/3/2023,0,2
1611,SAF0003,1,1,12/3/2023,1,2
1612,SAF0004,0,1,12/3/2023,0,1
1613,SAF0005,1,1,12/3/2023,1,2
1614,SAF0006,0,0,12/3/2023,0,0
1615,SAF0007,1,0,12/3/2023,2,1
1616,SAF0008,0,1,12/3/2023,1,1
1617,SAF0009,0,1,12/3/2023,1,2
1618,SAF0010,0,1,12/3/2023,1,2
1619,SAF0011,1,0,12/3/2023,2,1
1620,SAF0012,1,1,12/3/2023,1,2
1621,SAF0013,0,0,12/3/2023,0,1
1622,SAF0014,1,1,12/3/2023,1,2
1623,SAF0015,0,1,12/3/2023,1,2
1624,SAF0016,1,1,12/3/2023,2,2
1625,SAF0017,0,1,12/3/2023,1,2
1626,SAF0018,0,1,12/3/2023,1,2
1627,SAF0019,1,1,12/3/2023,2,2
1628,SAF0020,0,1,12/3/2023,0,2
1629,SAF0021,1,1,12/3/2023,2,2
1630,SAF0022,0,0,12/3/2023,0,1
1631,SAF0023,1,1,12/3/2023,2,2
1632,SAF0024,1,0,12/3/2023,1,1
1633,SAF0025,0,0,12/3/2023,1,0
1634,SAF0026,1,1,12/3/2023,2,2
1635,SAF0027,1,1,12/3/2023,1,2
1636,SAF0028,0,1,12/3/2023,1,2
1637,SAF0029,0,0,12/3/2023,0,1
1638,SAF0030,0,0,12/3/2023,1,1
1639,SAF0031,1,1,12/3/2023,2,2
1640,SAF0032,1,0,12/3/2023,1,1
1641,SAF0033,1,1,12/3/2023,1,2
1642,SAF0034,0,1,12/3/2023,0,2
1643,SAF0035,1,0,12/3/2023,1,0
1644,SAF0036,1,1,12/3/2023,1,2
1645,SAF0037,1,1,12/3/2023,2,2
1646,SAF0038,1,1,12/3/2023,2,1
1647,SAF0039,0,0,12/3/2023,0,0
1648,SAF0040,1,1,12/3/2023,2,2
1649,SAF0041,1,1,12/3/2023,1,2
1650,SAF0042,1,1,12/3/2023,2,1
1651,SAF0043,1,1,12/3/2023,1,2
1652,SAF0044,1,1,12/3/2023,2,2
1653,SAF0045,0,1,12/3/2023,1,2
1654,SAF0046,0,1,12/3/2023,1,2
1655,SAF0047,1,0,12/3/2023,2,0
1656,SAF0048,0,1,12/3/2023,0,1
1657,SAF0049,1,1,12/3/2023,2,2
1658,SAF0050,1,1,12/3/2023,2,2
1659,SAF0051,1,1,12/3/2023,2,1
1660,SAF0052,1,1,12/3/2023,2,1
1661,SAF0053,0,0,12/3/2023,1,1
1662,SAF0054,1,1,12/3/2023,2,2
1663,SAF0055,1,1,12/3/2023,2,1
1664,SAF0056,0,1,12/3/2023,1,2
1665,SAF0057,1,0,12/3/2023,1,1
1666,SAF0058,0,1,12/3/2023,1,1
1667,SAF0059,0,1,12/3/2023,1,1
1668,SAF0060,1,1,12/3/2023,2,2
1669,SAF0061,1,1,12/3/2023,2,2
1670,SAF0062,0,0,12/3/2023,0,0
1671,SAF0063,1,1,12/3/2023,1,2
1672,SAF0064,0,1,12/3/2023,0,2
1673,SAF0065,1,1,12/3/2023,2,1
1674,SAF0066,1,0,12/3/2023,1,1
1675,SAF0067,0,1,12/3/2023,0,2
1676,SAF0001,1,1,12/17/2023,1,2
1677,SAF0002,0,1,12/17/2023,0,2
1678,SAF0003,1,0,12/17/2023,2,1
1679,SAF0004,1,1,12/17/2023,1,2
1680,SAF0005,1,0,12/17/2023,2,1
1681,SAF0006,1,0,12/17/2023,1,0
1682,SAF0007,0,1,12/17/2023,1,1
1683,SAF0008,1,1,12/17/2023,1,2
1684,SAF0009,0,1,12/17/2023,0,2
1685,SAF0010,1,1,12/17/2023,1,2
1686,SAF0011,0,1,12/17/2023,1,1
1687,SAF0012,1,1,12/17/2023,2,2
1688,SAF0013,0,1,12/17/2023,0,1
1689,SAF0014,0,1,12/17/2023,1,2
1690,SAF0015,0,1,12/17/2023,0,2
1691,SAF0016,0,1,12/17/2023,1,2
1692,SAF0017,0,1,12/17/2023,0,2
1693,SAF0018,0,1,12/17/2023,0,2
1694,SAF0019,1,0,12/17/2023,2,1
1695,SAF0020,0,1,12/17/2023,0,2
1696,SAF0021,0,0,12/17/2023,1,1
1697,SAF0022,0,1,12/17/2023,0,1
1698,SAF0023,0,0,12/17/2023,1,1
1699,SAF0024,0,1,12/17/2023,1,1
1700,SAF0025,0,0,12/17/2023,0,0
1701,SAF0026,0,1,12/17/2023,1,2
1702,SAF0027,0,1,12/17/2023,1,2
1703,SAF0028,1,0,12/17/2023,1,1
1704,SAF0029,1,1,12/17/2023,1,1
1705,SAF0030,0,0,12/17/2023,0,0
1706,SAF0031,1,0,12/17/2023,2,1
1707,SAF0032,1,0,12/17/2023,2,0
1708,SAF0033,1,1,12/17/2023,2,2
1709,SAF0034,1,1,12/17/2023,1,2
1710,SAF0035,1,1,12/17/2023,2,1
1711,SAF0036,0,0,12/17/2023,1,1
1712,SAF0037,0,0,12/17/2023,1,1
1713,SAF0038,1,1,12/17/2023,2,2
1714,SAF0039,0,1,12/17/2023,0,1
1715,SAF0040,1,1,12/17/2023,2,2
1716,SAF0041,1,1,12/17/2023,2,2
1717,SAF0042,1,0,12/17/2023,2,1
1718,SAF0043,0,1,12/17/2023,1,2
1719,SAF0044,0,1,12/17/2023,1,2
1720,SAF0045,1,1,12/17/2023,1,2
1721,SAF0046,1,0,12/17/2023,1,1
1722,SAF0047,0,1,12/17/2023,1,1
1723,SAF0048,1,0,12/17/2023,1,1
1724,SAF0049,0,1,12/17/2023,1,2
1725,SAF0050,0,1,12/17/2023,1,2
1726,SAF0051,0,1,12/17/2023,1,2
1727,SAF0052,0,0,12/17/2023,1,1
1728,SAF0053,1,1,12/17/2023,1,1
1729,SAF0054,0,1,12/17/2023,1,2
1730,SAF0055,0,0,12/17/2023,1,1
1731,SAF0056,1,1,12/17/2023,1,2
1732,SAF0057,0,1,12/17/2023,1,1
1733,SAF0058,0,0,12/17/2023,0,1
1734,SAF0059,0,1,12/17/2023,0,2
1735,SAF0060,1,1,12/17/2023,2,2
1736,SAF0061,0,1,12/17/2023,1,2
1737,SAF0062,1,1,12/17/2023,1,1
1738,SAF0063,1,0,12/17/2023,2,1
1739,SAF0064,0,1,12/17/2023,0,2
1740,SAF0065,1,1,12/17/2023,2,2
1741,SAF0066,0,1,12/17/2023,1,1
1742,SAF0067,1,1,12/17/2023,1,2
1743,SAF0001,0,0,12/31/2023,1,1
1744,SAF0002,0,1,12/31/2023,0,2
1745,SAF0003,0,1,12/31/2023,1,1
1746,SAF0004,1,0,12/31/2023,2,1
1747,SAF0005,0,1,12/31/2023,1,1
1748,SAF0006,1,0,12/31/2023,2,0
1749,SAF0007,1,0,12/31/2023,1,1
1750,SAF0008,1,0,12/31/2023,2,1
1751,SAF0009,1,0,12/31/2023,1,1
1752,SAF0010,0,0,12/31/2023,1,1
1753,SAF0011,1,1,12/31/2023,1,2
1754,SAF0012,0,1,12/31/2023,1,2
1755,SAF0013,1,1,12/31/2023,1,2
1756,SAF0014,0,1,12/31/2023,0,2
1757,SAF0015,0,1,12/31/2023,0,2
1758,SAF0016,0,1,12/31/2023,0,2
1759,SAF0017,1,1,12/31/2023,1,2
1760,SAF0018,1,1,12/31/2023,1,2
1761,SAF0019,0,0,12/31/2023,1,0
1762,SAF0020,1,1,12/31/2023,1,2
1763,SAF0021,1,0,12/31/2023,1,0
1764,SAF0022,0,1,12/31/2023,0,2
1765,SAF0023,0,0,12/31/2023,0,0
1766,SAF0024,1,1,12/31/2023,1,2
1767,SAF0025,1,1,12/31/2023,1,1
1768,SAF0026,0,1,12/31/2023,0,2
1769,SAF0027,0,1,12/31/2023,0,2
1770,SAF0028,1,1,12/31/2023,2,1
1771,SAF0029,0,0,12/31/2023,1,1
1772,SAF0030,0,1,12/31/2023,0,1
1773,SAF0031,0,0,12/31/2023,1,0
1774,SAF0032,1,1,12/31/2023,2,1
1775,SAF0033,0,1,12/31/2023,1,2
1776,SAF0034,1,1,12/31/2023,2,2
1777,SAF0035,0,0,12/31/2023,1,1
1778,SAF0036,1,1,12/31/2023,1,1
1779,SAF0037,1,0,12/31/2023,1,0
1780,SAF0038,1,0,12/31/2023,2,1
1781,SAF0039,1,1,12/31/2023,1,2
1782,SAF0040,1,1,12/31/2023,2,2
1783,SAF0041,1,1,12/31/2023,2,2
1784,SAF0042,0,1,12/31/2023,1,1
1785,SAF0043,1,1,12/31/2023,1,2
1786,SAF0044,0,1,12/31/2023,0,2
1787,SAF0045,0,1,12/31/2023,1,2
1788,SAF0046,0,1,12/31/2023,1,1
1789,SAF0047,0,1,12/31/2023,0,2
1790,SAF0048,1,1,12/31/2023,2,1
1791,SAF0049,0,1,12/31/2023,0,2
1792,SAF0050,1,1,12/31/2023,1,2
1793,SAF0051,0,1,12/31/2023,0,2
1794,SAF0052,0,1,12/31/2023,0,1
1795,SAF0053,0,1,12/31/2023,1,2
1796,SAF0054,1,1,12/31/2023,1,2
1797,SAF0055,0,1,12/31/2023,0,1
1798,SAF0056,0,0,12/31/2023,1,1
1799,SAF0057,1,1,12/31/2023,1,2
1800,SAF0058,0,1,12/31/2023,0,1
1801,SAF0059,0,1,12/31/2023,0,2
1802,SAF0060,1,1,12/31/2023,2,2
1803,SAF0061,0,0,12/31/2023,0,1
1804,SAF0062,1,0,12/31/2023,2,1
1805,SAF0063,0,0,12/31/2023,1,0
1806,SAF0064,1,1,12/31/2023,1,2
1807,SAF0065,0,0,12/31/2023,1,1
1808,SAF0066,0,1,12/31/2023,0,2
1809,SAF0067,1,0,12/31/2023,2,1
1810,SAF0001,1,1,1/14/2024,1,1
1811,SAF0002,0,1,1/14/2024,0,2
1812,SAF0003,0,0,1/14/2024,0,1
1813,SAF0004,0,1,1/14/2024,1,1
1814,SAF0005,0,0,1/14/2024,0,1
1815,SAF0006,0,1,1/14/2024,1,1
1816,SAF0007,0,1,1/14/2024,1,1
1817,SAF0008,1,1,1/14/2024,2,1
1818,SAF0009,1,1,1/14/2024,2,1
1819,SAF0010,1,1,1/14/2024,1,1
1820,SAF0011,0,1,1/14/2024,1,2
1821,SAF0012,0,1,1/14/2024,0,2
1822,SAF0013,1,0,1/14/2024,2,1
1823,SAF0014,1,1,1/14/2024,1,2
1824,SAF0015,1,1,1/14/2024,1,2
1825,SAF0016,0,1,1/14/2024,0,2
1826,SAF0017,1,0,1/14/2024,2,1
1827,SAF0018,1,1,1/14/2024,2,2
1828,SAF0019,1,1,1/14/2024,1,1
1829,SAF0020,1,1,1/14/2024,2,2
1830,SAF0021,0,1,1/14/2024,1,1
1831,SAF0022,0,1,1/14/2024,0,2
1832,SAF0023,1,1,1/14/2024,1,1
1833,SAF0024,1,1,1/14/2024,2,2
1834,SAF0025,0,1,1/14/2024,1,2
1835,SAF0026,0,1,1/14/2024,0,2
1836,SAF0027,0,1,1/14/2024,0,2
1837,SAF0028,1,1,1/14/2024,2,2
1838,SAF0029,0,0,1/14/2024,0,0
1839,SAF0030,1,0,1/14/2024,1,1
1840,SAF0031,0,1,1/14/2024,0,1
1841,SAF0032,0,1,1/14/2024,1,2
1842,SAF0033,1,1,1/14/2024,1,2
1843,SAF0034,1,0,1/14/2024,2,1
1844,SAF0035,0,0,1/14/2024,0,0
1845,SAF0036,1,1,1/14/2024,2,2
1846,SAF0037,0,1,1/14/2024,1,1
1847,SAF0038,0,1,1/14/2024,1,1
1848,SAF0039,1,1,1/14/2024,2,2
1849,SAF0040,0,1,1/14/2024,1,2
1850,SAF0041,1,0,1/14/2024,2,1
1851,SAF0042,1,0,1/14/2024,1,1
1852,SAF0043,1,0,1/14/2024,2,1
1853,SAF0044,1,0,1/14/2024,1,1
1854,SAF0045,0,1,1/14/2024,0,2
1855,SAF0046,1,1,1/14/2024,1,2
1856,SAF0047,1,0,1/14/2024,1,1
1857,SAF0048,0,1,1/14/2024,1,2
1858,SAF0049,0,1,1/14/2024,0,2
1859,SAF0050,0,1,1/14/2024,1,2
1860,SAF0051,0,1,1/14/2024,0,2
1861,SAF0052,0,1,1/14/2024,0,2
1862,SAF0053,0,1,1/14/2024,0,2
1863,SAF0054,0,1,1/14/2024,1,2
1864,SAF0055,1,1,1/14/2024,1,2
1865,SAF0056,1,0,1/14/2024,1,0
1866,SAF0057,0,1,1/14/2024,1,2
1867,SAF0058,0,1,1/14/2024,0,2
1868,SAF0059,0,1,1/14/2024,0,2
1869,SAF0060,1,0,1/14/2024,2,1
1870,SAF0061,0,0,1/14/2024,0,0
1871,SAF0062,0,1,1/14/2024,1,1
1872,SAF0063,0,1,1/14/2024,0,1
1873,SAF0064,0,1,1/14/2024,1,2
1874,SAF0065,1,1,1/14/2024,1,1
1875,SAF0066,1,1,1/14/2024,1,2
1876,SAF0067,0,1,1/14/2024,1,1
1877,SAF0001,1,0,1/28/2024,2,1
1878,SAF0002,0,1,1/28/2024,0,2
1879,SAF0003,1,0,1/28/2024,1,0
1880,SAF0004,0,1,1/28/2024,0,2
1881,SAF0005,1,1,1/28/2024,1,1
1882,SAF0006,1,0,1/28/2024,1,1
1883,SAF0007,1,1,1/28/2024,1,2
1884,SAF0008,1,1,1/28/2024,2,2
1885,SAF0009,0,1,1/28/2024,1,2
1886,SAF0010,0,1,1/28/2024,1,2
1887,SAF0011,1,1,1/28/2024,1,2
1888,SAF0012,0,1,1/28/2024,0,2
1889,SAF0013,0,1,1/28/2024,1,1
1890,SAF0014,1,0,1/28/2024,2,1
1891,SAF0015,1,0,1/28/2024,2,1
1892,SAF0016,0,1,1/28/2024,0,2
1893,SAF0017,1,1,1/28/2024,2,1
1894,SAF0018,1,1,1/28/2024,2,2
1895,SAF0019,0,1,1/28/2024,1,2
1896,SAF0020,0,0,1/28/2024,1,1
1897,SAF0021,1,1,1/28/2024,1,2
1898,SAF0022,0,1,1/28/2024,0,2
1899,SAF0023,0,1,1/28/2024,1,2
1900,SAF0024,1,1,1/28/2024,2,2
1901,SAF0025,0,0,1/28/2024,0,1
1902,SAF0026,0,1,1/28/2024,0,2
1903,SAF0027,0,0,1/28/2024,0,1
1904,SAF0028,0,1,1/28/2024,1,2
1905,SAF0029,1,1,1/28/2024,1,1
1906,SAF0030,0,1,1/28/2024,1,1
1907,SAF0031,1,1,1/28/2024,1,2
1908,SAF0032,1,1,1/28/2024,1,2
1909,SAF0033,1,0,1/28/2024,2,1
1910,SAF0034,1,1,1/28/2024,2,1
1911,SAF0035,0,1,1/28/2024,0,1
1912,SAF0036,1,1,1/28/2024,2,2
1913,SAF0037,1,1,1/28/2024,1,2
1914,SAF0038,0,1,1/28/2024,0,2
1915,SAF0039,1,0,1/28/2024,2,1
1916,SAF0040,1,1,1/28/2024,1,2
1917,SAF0041,0,1,1/28/2024,1,1
1918,SAF0042,1,0,1/28/2024,2,0
1919,SAF0043,0,1,1/28/2024,1,1
1920,SAF0044,0,1,1/28/2024,1,1
1921,SAF0045,1,1,1/28/2024,1,2
1922,SAF0046,0,1,1/28/2024,1,2
1923,SAF0047,0,0,1/28/2024,1,0
1924,SAF0048,0,1,1/28/2024,0,2
1925,SAF0049,0,0,1/28/2024,0,1
1926,SAF0050,0,0,1/28/2024,0,1
1927,SAF0051,0,1,1/28/2024,0,2
1928,SAF0052,1,1,1/28/2024,1,2
1929,SAF0053,1,1,1/28/2024,1,2
1930,SAF0054,0,0,1/28/2024,0,1
1931,SAF0055,0,1,1/28/2024,1,2
1932,SAF0056,1,1,1/28/2024,2,1
1933,SAF0057,0,1,1/28/2024,0,2
1934,SAF0058,0,1,1/28/2024,0,2
1935,SAF0059,1,1,1/28/2024,1,2
1936,SAF0060,1,1,1/28/2024,2,1
1937,SAF0061,0,1,1/28/2024,0,1
1938,SAF0062,1,0,1/28/2024,1,1
1939,SAF0063,1,1,1/28/2024,1,2
1940,SAF0064,0,1,1/28/2024,0,2
1941,SAF0065,0,1,1/28/2024,1,2
1942,SAF0066,0,0,1/28/2024,1,1
1943,SAF0067,1,1,1/28/2024,1,2
1944,SAF0001,1,1,2/11/2024,2,1
1945,SAF0002,0,1,2/11/2024,0,2
1946,SAF0003,0,1,2/11/2024,1,1
1947,SAF0004,1,1,2/11/2024,1,2
1948,SAF0005,1,1,2/11/2024,2,2
1949,SAF0006,0,1,2/11/2024,1,1
1950,SAF0007,1,1,2/11/2024,2,2
1951,SAF0008,0,1,2/11/2024,1,2
1952,SAF0009,1,1,2/11/2024,1,2
1953,SAF0010,0,1,2/11/2024,0,2
1954,SAF0011,0,1,2/11/2024,1,2
1955,SAF0012,1,1,2/11/2024,1,2
1956,SAF0013,0,1,2/11/2024,0,2
1957,SAF0014,0,1,2/11/2024,1,1
1958,SAF0015,0,1,2/11/2024,1,1
1959,SAF0016,0,1,2/11/2024,0,2
1960,SAF0017,0,0,2/11/2024,1,1
1961,SAF0018,1,0,2/11/2024,2,1
1962,SAF0019,1,0,2/11/2024,1,1
1963,SAF0020,0,1,2/11/2024,0,1
1964,SAF0021,0,1,2/11/2024,1,2
1965,SAF0022,1,1,2/11/2024,1,2
1966,SAF0023,1,1,2/11/2024,1,2
1967,SAF0024,1,1,2/11/2024,2,2
1968,SAF0025,1,0,2/11/2024,1,0
1969,SAF0026,1,1,2/11/2024,1,2
1970,SAF0027,1,1,2/11/2024,1,1
1971,SAF0028,1,1,2/11/2024,1,2
1972,SAF0029,0,1,2/11/2024,1,2
1973,SAF0030,1,1,2/11/2024,1,2
1974,SAF0031,0,0,2/11/2024,1,1
1975,SAF0032,0,1,2/11/2024,1,2
1976,SAF0033,1,0,2/11/2024,2,0
1977,SAF0034,0,1,2/11/2024,1,2
1978,SAF0035,0,0,2/11/2024,0,1
1979,SAF0036,1,1,2/11/2024,2,2
1980,SAF0037,1,1,2/11/2024,2,2
1981,SAF0038,1,1,2/11/2024,1,2
1982,SAF0039,0,1,2/11/2024,1,1
1983,SAF0040,1,1,2/11/2024,2,2
1984,SAF0041,1,1,2/11/2024,1,2
1985,SAF0042,1,1,2/11/2024,2,1
1986,SAF0043,1,1,2/11/2024,1,2
1987,SAF0044,1,1,2/11/2024,1,2
1988,SAF0045,0,0,2/11/2024,1,1
1989,SAF0046,0,1,2/11/2024,0,2
1990,SAF0047,0,0,2/11/2024,0,0
1991,SAF0048,1,1,2/11/2024,1,2
1992,SAF0049,1,0,2/11/2024,1,0
1993,SAF0050,0,1,2/11/2024,0,1
1994,SAF0051,0,1,2/11/2024,0,2
1995,SAF0052,0,1,2/11/2024,1,2
1996,SAF0053,1,1,2/11/2024,2,2
1997,SAF0054,0,1,2/11/2024,0,1
1998,SAF0055,1,0,2/11/2024,1,1
1999,SAF0056,0,1,2/11/2024,1,2
2000,SAF0057,0,0,2/11/2024,0,1
2001,SAF0058,0,0,2/11/2024,0,1
2002,SAF0059,0,0,2/11/2024,1,1
2003,SAF0060,1,0,2/11/2024,2,1
2004,SAF0061,1,0,2/11/2024,1,1
2005,SAF0062,0,1,2/11/2024,1,1
2006,SAF0063,1,1,2/11/2024,2,2
2007,SAF0064,0,1,2/11/2024,0,2
2008,SAF0065,0,1,2/11/2024,0,2
2009,SAF0066,1,0,2/11/2024,1,0
2010,SAF0067,1,1,2/11/2024,2,2